             * c:\users\pc\esim-workspace\triangular\triangular.cir
             Transient Analysis  Sun Feb 09 18:05:02  2025
--------------------------------------------------------------------------------
Index   time            v1#branch       v2#branch       
--------------------------------------------------------------------------------
0	0.000000e+00	-2.96781e-03	-2.96756e-03	
1	1.000000e-07	-2.96781e-03	-2.96756e-03	
2	2.000000e-07	-2.96781e-03	-2.96756e-03	
3	4.000000e-07	-2.96781e-03	-2.96756e-03	
4	8.000000e-07	-2.96781e-03	-2.96756e-03	
5	1.600000e-06	-2.96781e-03	-2.96756e-03	
6	3.200000e-06	-2.96781e-03	-2.96756e-03	
7	6.400000e-06	-2.96781e-03	-2.96756e-03	
8	1.280000e-05	-2.96781e-03	-2.96756e-03	
9	2.280000e-05	-2.96781e-03	-2.96756e-03	
10	3.280000e-05	-2.96781e-03	-2.96756e-03	
11	4.280000e-05	-2.96781e-03	-2.96757e-03	
12	5.280000e-05	-2.96780e-03	-2.96755e-03	
13	6.280000e-05	-2.96782e-03	-2.96758e-03	
14	7.280000e-05	-2.96777e-03	-2.96752e-03	
15	8.280000e-05	-2.96785e-03	-2.96760e-03	
16	9.280000e-05	-2.96772e-03	-2.96747e-03	
17	1.028000e-04	-2.96808e-03	-2.96783e-03	
18	1.128000e-04	-2.96765e-03	-2.96740e-03	
19	1.228000e-04	-2.96931e-03	-2.96906e-03	
20	1.328000e-04	-2.96928e-03	-2.96903e-03	
21	1.428000e-04	-2.97813e-03	-2.97789e-03	
22	1.528000e-04	-2.98964e-03	-2.98937e-03	
23	1.628000e-04	-3.02673e-03	-3.02651e-03	
24	1.725080e-04	-3.10065e-03	-3.10034e-03	
25	1.820441e-04	-3.29837e-03	-3.29822e-03	
26	1.913275e-04	-7.15439e-03	-7.15428e-03	
27	1.995295e-04	-1.14734e-02	-1.14733e-02	
28	2.075991e-04	-1.47578e-02	-1.47577e-02	
29	2.118064e-04	-1.48239e-02	-1.48238e-02	
30	2.149997e-04	-1.49146e-02	-1.49145e-02	
31	2.179328e-04	-1.49656e-02	-1.49655e-02	
32	2.206492e-04	-1.50407e-02	-1.50406e-02	
33	2.237373e-04	-1.50998e-02	-1.50996e-02	
34	2.270460e-04	-1.51848e-02	-1.51847e-02	
35	2.310906e-04	-1.52683e-02	-1.52682e-02	
36	2.357630e-04	-1.53823e-02	-1.53822e-02	
37	2.414004e-04	-1.55034e-02	-1.55033e-02	
38	2.484719e-04	-1.56709e-02	-1.56707e-02	
39	2.575460e-04	-1.58707e-02	-1.58705e-02	
40	2.675460e-04	-1.61039e-02	-1.61038e-02	
41	2.775460e-04	-1.63232e-02	-1.63230e-02	
42	2.779236e-04	-1.63337e-02	-1.63335e-02	
43	2.786789e-04	-1.63506e-02	-1.63503e-02	
44	2.791552e-04	-1.63608e-02	-1.63606e-02	
45	2.798216e-04	-1.63744e-02	-1.63741e-02	
46	2.804894e-04	-1.63875e-02	-1.63873e-02	
47	2.813151e-04	-1.64035e-02	-1.64032e-02	
48	2.823074e-04	-1.64254e-02	-1.64251e-02	
49	2.832139e-04	-1.64491e-02	-1.64488e-02	
50	2.842801e-04	-1.69785e-02	-1.69781e-02	
51	2.849952e-04	-1.63596e-02	-1.63593e-02	
52	2.856531e-04	-1.63546e-02	-1.63543e-02	
53	2.863260e-04	-1.57360e-02	-1.57356e-02	
54	2.869989e-04	-1.57095e-02	-1.57091e-02	

Index   time            v1#branch       v2#branch       
--------------------------------------------------------------------------------
55	2.877437e-04	-1.50626e-02	-1.50623e-02	
56	2.886009e-04	-1.49406e-02	-1.49403e-02	
57	2.896419e-04	-1.41565e-02	-1.41561e-02	
58	2.909896e-04	-1.37953e-02	-1.37950e-02	
59	2.927409e-04	-1.26691e-02	-1.26687e-02	
60	2.949404e-04	-1.18954e-02	-1.18951e-02	
61	2.986555e-04	-9.80733e-03	-9.80693e-03	
62	3.031493e-04	-7.91196e-03	-7.91165e-03	
63	3.121369e-04	-3.21927e-03	-3.21886e-03	
64	3.208123e-04	-6.85132e-03	-6.85100e-03	
65	3.289392e-04	-1.05935e-02	-1.05931e-02	
66	3.340549e-04	-1.24419e-02	-1.24416e-02	
67	3.374910e-04	-1.22455e-02	-1.22451e-02	
68	3.397754e-04	-1.25575e-02	-1.25572e-02	
69	3.421943e-04	-1.23377e-02	-1.23373e-02	
70	3.445192e-04	-1.26511e-02	-1.26508e-02	
71	3.468346e-04	-1.24311e-02	-1.24307e-02	
72	3.489592e-04	-1.27380e-02	-1.27377e-02	
73	3.511065e-04	-1.25177e-02	-1.25173e-02	
74	3.533149e-04	-1.28226e-02	-1.28223e-02	
75	3.556925e-04	-1.26106e-02	-1.26101e-02	
76	3.583967e-04	-1.29217e-02	-1.29214e-02	
77	3.616302e-04	-1.27299e-02	-1.27294e-02	
78	3.657547e-04	-1.30666e-02	-1.30663e-02	
79	3.713897e-04	-1.29243e-02	-1.29239e-02	
80	3.797350e-04	-1.33433e-02	-1.33430e-02	
81	3.897350e-04	-1.32903e-02	-1.32899e-02	
82	3.997350e-04	-1.37400e-02	-1.37397e-02	
83	4.097350e-04	-1.36862e-02	-1.36857e-02	
84	4.197350e-04	-1.41354e-02	-1.41351e-02	
85	4.297350e-04	-1.40818e-02	-1.40814e-02	
86	4.397350e-04	-1.45297e-02	-1.45294e-02	
87	4.497350e-04	-1.44765e-02	-1.44761e-02	
88	4.597350e-04	-1.49232e-02	-1.49229e-02	
89	4.697350e-04	-1.48703e-02	-1.48698e-02	
90	4.797350e-04	-1.53157e-02	-1.53154e-02	
91	4.897350e-04	-1.52631e-02	-1.52627e-02	
92	4.997350e-04	-1.57077e-02	-1.57074e-02	
93	5.097350e-04	-1.56637e-02	-1.56633e-02	
94	5.197350e-04	-1.41634e-02	-1.41633e-02	
95	5.296722e-04	-8.88686e-03	-8.88670e-03	
96	5.396722e-04	-3.97872e-03	-3.97867e-03	
97	5.461157e-04	-5.02800e-03	-5.02785e-03	
98	5.522994e-04	-8.67523e-03	-8.67517e-03	
99	5.566197e-04	-1.07717e-02	-1.07716e-02	
100	5.607926e-04	-1.28308e-02	-1.28308e-02	
101	5.667639e-04	-1.28168e-02	-1.28166e-02	
102	5.721800e-04	-1.29479e-02	-1.29479e-02	
103	5.776854e-04	-1.30652e-02	-1.30650e-02	
104	5.862098e-04	-1.32688e-02	-1.32687e-02	
105	5.962098e-04	-1.34889e-02	-1.34887e-02	
106	6.062098e-04	-1.37255e-02	-1.37254e-02	
107	6.162098e-04	-1.39458e-02	-1.39457e-02	
108	6.262098e-04	-1.41818e-02	-1.41818e-02	
109	6.362098e-04	-1.44023e-02	-1.44021e-02	
110	6.462098e-04	-1.46385e-02	-1.46384e-02	
111	6.562098e-04	-1.48582e-02	-1.48580e-02	
112	6.662098e-04	-1.50935e-02	-1.50934e-02	

Index   time            v1#branch       v2#branch       
--------------------------------------------------------------------------------
113	6.762098e-04	-1.53135e-02	-1.53133e-02	
114	6.862098e-04	-1.55477e-02	-1.55477e-02	
115	6.962098e-04	-1.57684e-02	-1.57682e-02	
116	7.062098e-04	-1.60021e-02	-1.60020e-02	
117	7.162098e-04	-1.62223e-02	-1.62221e-02	
118	7.262098e-04	-1.54268e-02	-1.54266e-02	
119	7.362098e-04	-1.05148e-02	-1.05144e-02	
120	7.435913e-04	-7.04550e-03	-7.04522e-03	
121	7.509372e-04	-3.32954e-03	-3.32910e-03	
122	7.589673e-04	-6.40027e-03	-6.39998e-03	
123	7.663590e-04	-9.95722e-03	-9.95679e-03	
124	7.753687e-04	-1.24854e-02	-1.24851e-02	
125	7.792797e-04	-1.24679e-02	-1.24675e-02	
126	7.819544e-04	-1.26199e-02	-1.26196e-02	
127	7.845722e-04	-1.25729e-02	-1.25724e-02	
128	7.884031e-04	-1.27484e-02	-1.27481e-02	
129	7.925394e-04	-1.27316e-02	-1.27311e-02	
130	7.984881e-04	-1.29489e-02	-1.29487e-02	
131	8.076591e-04	-1.30323e-02	-1.30318e-02	
132	8.176591e-04	-1.33297e-02	-1.33295e-02	
133	8.276591e-04	-1.34294e-02	-1.34289e-02	
134	8.376591e-04	-1.37261e-02	-1.37258e-02	
135	8.476591e-04	-1.38255e-02	-1.38250e-02	
136	8.576591e-04	-1.41215e-02	-1.41212e-02	
137	8.676591e-04	-1.42207e-02	-1.42202e-02	
138	8.776591e-04	-1.45160e-02	-1.45157e-02	
139	8.876591e-04	-1.46150e-02	-1.46146e-02	
140	8.976591e-04	-1.49095e-02	-1.49093e-02	
141	9.076591e-04	-1.50084e-02	-1.50080e-02	
142	9.176591e-04	-1.53022e-02	-1.53019e-02	
143	9.276591e-04	-1.54010e-02	-1.54005e-02	
144	9.376591e-04	-1.56977e-02	-1.56974e-02	
145	9.476591e-04	-1.57563e-02	-1.57560e-02	
146	9.478432e-04	-1.58097e-02	-1.58095e-02	
147	9.482114e-04	-1.58161e-02	-1.58158e-02	
148	9.485075e-04	-1.58056e-02	-1.58053e-02	
149	9.489220e-04	-1.57773e-02	-1.57771e-02	
150	9.494157e-04	-1.56920e-02	-1.56918e-02	
151	9.504029e-04	-1.53849e-02	-1.53848e-02	
152	9.513699e-04	-1.49530e-02	-1.49529e-02	
153	9.533039e-04	-1.40145e-02	-1.40144e-02	
154	9.553499e-04	-1.29923e-02	-1.29922e-02	
155	9.594419e-04	-1.09367e-02	-1.09365e-02	
156	9.640680e-04	-8.57673e-03	-8.57664e-03	
157	9.725313e-04	-4.20681e-03	-4.20669e-03	
158	9.797210e-04	-5.19699e-03	-5.19691e-03	
159	9.864965e-04	-8.89645e-03	-8.89632e-03	
160	9.889710e-04	-1.02418e-02	-1.02418e-02	
161	9.912061e-04	-1.14914e-02	-1.14913e-02	
162	9.936332e-04	-1.28316e-02	-1.28315e-02	
163	9.956825e-04	-1.27393e-02	-1.27391e-02	
164	9.972046e-04	-1.27568e-02	-1.27568e-02	
165	9.980773e-04	-1.27792e-02	-1.27790e-02	
166	9.988905e-04	-1.27947e-02	-1.27946e-02	
167	9.994541e-04	-1.28105e-02	-1.28103e-02	
168	9.999786e-04	-1.28215e-02	-1.28215e-02	
169	1.000545e-03	-1.28344e-02	-1.28342e-02	
170	1.001164e-03	-1.28489e-02	-1.28489e-02	

Index   time            v1#branch       v2#branch       
--------------------------------------------------------------------------------
171	1.002007e-03	-1.28679e-02	-1.28678e-02	
172	1.003205e-03	-1.28957e-02	-1.28956e-02	
173	1.004993e-03	-1.29362e-02	-1.29360e-02	
174	1.007795e-03	-1.30007e-02	-1.30006e-02	
175	1.012695e-03	-1.31124e-02	-1.31122e-02	
176	1.022495e-03	-1.33368e-02	-1.33367e-02	
177	1.032495e-03	-1.35649e-02	-1.35648e-02	
178	1.042495e-03	-1.37937e-02	-1.37936e-02	
179	1.052495e-03	-1.40215e-02	-1.40214e-02	
180	1.062495e-03	-1.42501e-02	-1.42500e-02	
181	1.072495e-03	-1.44777e-02	-1.44775e-02	
182	1.082495e-03	-1.47060e-02	-1.47059e-02	
183	1.092495e-03	-1.49333e-02	-1.49331e-02	
184	1.102495e-03	-1.51614e-02	-1.51613e-02	
185	1.112495e-03	-1.53884e-02	-1.53883e-02	
186	1.122495e-03	-1.56162e-02	-1.56162e-02	
187	1.132495e-03	-1.58430e-02	-1.58429e-02	
188	1.142495e-03	-1.60706e-02	-1.60705e-02	
189	1.152495e-03	-1.62960e-02	-1.62958e-02	
190	1.162495e-03	-1.56574e-02	-1.56571e-02	
191	1.169444e-03	-1.23044e-02	-1.23040e-02	
192	1.175349e-03	-9.47442e-03	-9.47410e-03	
193	1.181113e-03	-6.62804e-03	-6.62765e-03	
194	1.189155e-03	-3.13464e-03	-3.13430e-03	
195	1.191655e-03	-4.28884e-03	-4.28845e-03	
196	1.193587e-03	-5.27023e-03	-5.26990e-03	
197	1.195668e-03	-6.26187e-03	-6.26148e-03	
198	1.198597e-03	-7.74926e-03	-7.74893e-03	
199	1.202117e-03	-9.46576e-03	-9.46537e-03	
200	1.207521e-03	-1.21942e-02	-1.21939e-02	
201	1.210628e-03	-1.23268e-02	-1.23264e-02	
202	1.213496e-03	-1.24122e-02	-1.24119e-02	
203	1.216209e-03	-1.24365e-02	-1.24361e-02	
204	1.218664e-03	-1.25176e-02	-1.25173e-02	
205	1.221797e-03	-1.25471e-02	-1.25467e-02	
206	1.226164e-03	-1.26673e-02	-1.26669e-02	
207	1.233535e-03	-1.27806e-02	-1.27802e-02	
208	1.243535e-03	-1.30130e-02	-1.30127e-02	
209	1.253535e-03	-1.31780e-02	-1.31777e-02	
210	1.263535e-03	-1.34102e-02	-1.34098e-02	
211	1.273535e-03	-1.35746e-02	-1.35743e-02	
212	1.283535e-03	-1.38064e-02	-1.38061e-02	
213	1.293535e-03	-1.39703e-02	-1.39700e-02	
214	1.303535e-03	-1.42017e-02	-1.42014e-02	
215	1.313535e-03	-1.43652e-02	-1.43648e-02	
216	1.323535e-03	-1.45961e-02	-1.45958e-02	
217	1.333535e-03	-1.47591e-02	-1.47587e-02	
218	1.343535e-03	-1.49896e-02	-1.49892e-02	
219	1.353535e-03	-1.51521e-02	-1.51517e-02	
220	1.363535e-03	-1.53821e-02	-1.53818e-02	
221	1.373535e-03	-1.55443e-02	-1.55439e-02	
222	1.383535e-03	-1.57824e-02	-1.57821e-02	
223	1.389386e-03	-1.44368e-02	-1.44366e-02	
224	1.396265e-03	-1.10770e-02	-1.10769e-02	
225	1.404080e-03	-7.04225e-03	-7.04212e-03	
226	1.411384e-03	-3.31899e-03	-3.31891e-03	
227	1.414990e-03	-4.21206e-03	-4.21195e-03	
228	1.418681e-03	-6.24441e-03	-6.24430e-03	

Index   time            v1#branch       v2#branch       
--------------------------------------------------------------------------------
229	1.421004e-03	-7.45493e-03	-7.45482e-03	
230	1.423180e-03	-8.68458e-03	-8.68447e-03	
231	1.427530e-03	-1.10413e-02	-1.10412e-02	
232	1.430799e-03	-1.28913e-02	-1.28912e-02	
233	1.433769e-03	-1.28182e-02	-1.28180e-02	
234	1.436245e-03	-1.28551e-02	-1.28550e-02	
235	1.438624e-03	-1.29269e-02	-1.29268e-02	
236	1.440804e-03	-1.29612e-02	-1.29611e-02	
237	1.442871e-03	-1.30211e-02	-1.30210e-02	
238	1.444952e-03	-1.30582e-02	-1.30581e-02	
239	1.447183e-03	-1.31187e-02	-1.31186e-02	
240	1.450002e-03	-1.31745e-02	-1.31744e-02	
241	1.453253e-03	-1.32570e-02	-1.32568e-02	
242	1.457474e-03	-1.33460e-02	-1.33459e-02	
243	1.462937e-03	-1.34781e-02	-1.34780e-02	
244	1.470628e-03	-1.36466e-02	-1.36465e-02	
245	1.480628e-03	-1.38821e-02	-1.38819e-02	
246	1.490628e-03	-1.41029e-02	-1.41028e-02	
247	1.500628e-03	-1.43384e-02	-1.43382e-02	
248	1.510628e-03	-1.45592e-02	-1.45591e-02	
249	1.520628e-03	-1.47941e-02	-1.47940e-02	
250	1.530628e-03	-1.50149e-02	-1.50148e-02	
251	1.540628e-03	-1.52493e-02	-1.52492e-02	
252	1.550628e-03	-1.54700e-02	-1.54698e-02	
253	1.560628e-03	-1.57040e-02	-1.57039e-02	
254	1.570628e-03	-1.59246e-02	-1.59244e-02	
255	1.580628e-03	-1.61582e-02	-1.61581e-02	
256	1.590628e-03	-1.63743e-02	-1.63741e-02	
257	1.599270e-03	-1.53935e-02	-1.53931e-02	
258	1.605508e-03	-1.23726e-02	-1.23723e-02	
259	1.611550e-03	-9.50510e-03	-9.50473e-03	
260	1.617677e-03	-6.45265e-03	-6.45230e-03	
261	1.623681e-03	-3.57871e-03	-3.57834e-03	
262	1.629048e-03	-4.84250e-03	-4.84214e-03	
263	1.633566e-03	-7.13854e-03	-7.13818e-03	
264	1.638128e-03	-9.34376e-03	-9.34340e-03	
265	1.642463e-03	-1.15707e-02	-1.15703e-02	
266	1.645181e-03	-1.22365e-02	-1.22362e-02	
267	1.648812e-03	-1.23782e-02	-1.23779e-02	
268	1.651471e-03	-1.23655e-02	-1.23651e-02	
269	1.653983e-03	-1.24784e-02	-1.24780e-02	
270	1.658146e-03	-1.25003e-02	-1.24999e-02	
271	1.663702e-03	-1.26711e-02	-1.26708e-02	
272	1.673127e-03	-1.27992e-02	-1.27988e-02	
273	1.683127e-03	-1.30572e-02	-1.30569e-02	
274	1.693127e-03	-1.31970e-02	-1.31967e-02	
275	1.703127e-03	-1.34540e-02	-1.34536e-02	
276	1.713127e-03	-1.35939e-02	-1.35936e-02	
277	1.723127e-03	-1.38498e-02	-1.38495e-02	
278	1.733127e-03	-1.39899e-02	-1.39895e-02	
279	1.743127e-03	-1.42448e-02	-1.42444e-02	
280	1.753127e-03	-1.43849e-02	-1.43845e-02	
281	1.763127e-03	-1.46388e-02	-1.46385e-02	
282	1.773127e-03	-1.47789e-02	-1.47786e-02	
283	1.783127e-03	-1.50320e-02	-1.50317e-02	
284	1.793127e-03	-1.51721e-02	-1.51717e-02	
285	1.803127e-03	-1.54243e-02	-1.54240e-02	
286	1.813127e-03	-1.55642e-02	-1.55638e-02	

Index   time            v1#branch       v2#branch       
--------------------------------------------------------------------------------
287	1.823127e-03	-1.58223e-02	-1.58220e-02	
288	1.824090e-03	-1.58130e-02	-1.58127e-02	
289	1.826018e-03	-1.58385e-02	-1.58382e-02	
290	1.827782e-03	-1.55838e-02	-1.55837e-02	
291	1.829386e-03	-1.49623e-02	-1.49622e-02	
292	1.830738e-03	-1.43060e-02	-1.43059e-02	
293	1.831989e-03	-1.36860e-02	-1.36859e-02	
294	1.834491e-03	-1.24358e-02	-1.24357e-02	
295	1.839495e-03	-9.90669e-03	-9.90658e-03	
296	1.844860e-03	-7.15624e-03	-7.15613e-03	
297	1.852468e-03	-3.23148e-03	-3.23138e-03	
298	1.857739e-03	-5.19057e-03	-5.19048e-03	
299	1.862791e-03	-7.94744e-03	-7.94732e-03	
300	1.867633e-03	-1.05910e-02	-1.05909e-02	
301	1.872654e-03	-1.27281e-02	-1.27280e-02	
302	1.875669e-03	-1.27710e-02	-1.27709e-02	
303	1.877357e-03	-1.28072e-02	-1.28070e-02	
304	1.878783e-03	-1.28410e-02	-1.28409e-02	
305	1.879602e-03	-1.28597e-02	-1.28596e-02	
306	1.880565e-03	-1.28822e-02	-1.28820e-02	
307	1.881404e-03	-1.29011e-02	-1.29010e-02	
308	1.882025e-03	-1.29154e-02	-1.29153e-02	
309	1.882519e-03	-1.29267e-02	-1.29266e-02	
310	1.882919e-03	-1.29359e-02	-1.29358e-02	
311	1.883264e-03	-1.29437e-02	-1.29436e-02	
312	1.883488e-03	-1.29490e-02	-1.29489e-02	
313	1.883670e-03	-1.29529e-02	-1.29528e-02	
314	1.883824e-03	-1.29567e-02	-1.29565e-02	
315	1.883982e-03	-1.29601e-02	-1.29600e-02	
316	1.884132e-03	-1.29637e-02	-1.29635e-02	
317	1.884302e-03	-1.29675e-02	-1.29674e-02	
318	1.884516e-03	-1.29724e-02	-1.29722e-02	
319	1.884817e-03	-1.29793e-02	-1.29792e-02	
320	1.885317e-03	-1.29906e-02	-1.29905e-02	
321	1.886165e-03	-1.30102e-02	-1.30101e-02	
322	1.887471e-03	-1.30399e-02	-1.30398e-02	
323	1.890083e-03	-1.30998e-02	-1.30997e-02	
324	1.895306e-03	-1.32191e-02	-1.32189e-02	
325	1.905306e-03	-1.34478e-02	-1.34477e-02	
326	1.915306e-03	-1.36761e-02	-1.36759e-02	
327	1.925306e-03	-1.39046e-02	-1.39045e-02	
328	1.935306e-03	-1.41326e-02	-1.41324e-02	
329	1.945306e-03	-1.43608e-02	-1.43607e-02	
330	1.955306e-03	-1.45886e-02	-1.45884e-02	
331	1.965306e-03	-1.48166e-02	-1.48165e-02	
332	1.975306e-03	-1.50441e-02	-1.50440e-02	
333	1.985306e-03	-1.52719e-02	-1.52718e-02	
334	1.995306e-03	-1.54991e-02	-1.54990e-02	
335	2.005306e-03	-1.57266e-02	-1.57265e-02	
336	2.015306e-03	-1.59536e-02	-1.59535e-02	
337	2.025306e-03	-1.61807e-02	-1.61806e-02	
338	2.035306e-03	-1.64087e-02	-1.64084e-02	
339	2.042606e-03	-1.47298e-02	-1.47295e-02	
340	2.045519e-03	-1.32742e-02	-1.32739e-02	
341	2.048351e-03	-1.19684e-02	-1.19681e-02	
342	2.051131e-03	-1.05658e-02	-1.05654e-02	
343	2.054581e-03	-8.94731e-03	-8.94697e-03	
344	2.059067e-03	-6.69490e-03	-6.69452e-03	

Index   time            v1#branch       v2#branch       
--------------------------------------------------------------------------------
345	2.064873e-03	-3.91208e-03	-3.91174e-03	
346	2.070667e-03	-4.70638e-03	-4.70599e-03	
347	2.075309e-03	-7.07195e-03	-7.07162e-03	
348	2.077513e-03	-8.09404e-03	-8.09365e-03	
349	2.079581e-03	-9.19324e-03	-9.19291e-03	
350	2.083165e-03	-1.09144e-02	-1.09140e-02	
351	2.086551e-03	-1.23124e-02	-1.23121e-02	
352	2.088737e-03	-1.23076e-02	-1.23073e-02	
353	2.090371e-03	-1.23983e-02	-1.23979e-02	
354	2.092020e-03	-1.23743e-02	-1.23739e-02	
355	2.093861e-03	-1.24633e-02	-1.24629e-02	
356	2.095274e-03	-1.24390e-02	-1.24386e-02	
357	2.096643e-03	-1.25159e-02	-1.25156e-02	
358	2.097950e-03	-1.24877e-02	-1.24873e-02	
359	2.100031e-03	-1.25863e-02	-1.25860e-02	
360	2.102047e-03	-1.25701e-02	-1.25697e-02	
361	2.104773e-03	-1.26805e-02	-1.26801e-02	
362	2.108350e-03	-1.26999e-02	-1.26995e-02	
363	2.113330e-03	-1.28506e-02	-1.28502e-02	
364	2.120116e-03	-1.29342e-02	-1.29338e-02	
365	2.129429e-03	-1.31705e-02	-1.31702e-02	
366	2.139429e-03	-1.33134e-02	-1.33130e-02	
367	2.149429e-03	-1.35636e-02	-1.35633e-02	
368	2.159429e-03	-1.37101e-02	-1.37097e-02	
369	2.169429e-03	-1.39593e-02	-1.39590e-02	
370	2.179429e-03	-1.41056e-02	-1.41052e-02	
371	2.189429e-03	-1.43542e-02	-1.43539e-02	
372	2.199429e-03	-1.45002e-02	-1.44998e-02	
373	2.209429e-03	-1.47482e-02	-1.47478e-02	
374	2.219429e-03	-1.48939e-02	-1.48935e-02	
375	2.229429e-03	-1.51412e-02	-1.51409e-02	
376	2.239429e-03	-1.52867e-02	-1.52863e-02	
377	2.249429e-03	-1.55334e-02	-1.55331e-02	
378	2.259429e-03	-1.56912e-02	-1.56908e-02	
379	2.260525e-03	-1.57376e-02	-1.57373e-02	
380	2.262717e-03	-1.57794e-02	-1.57790e-02	
381	2.263265e-03	-1.57904e-02	-1.57901e-02	
382	2.264361e-03	-1.58104e-02	-1.58101e-02	
383	2.266193e-03	-1.58369e-02	-1.58366e-02	
384	2.268008e-03	-1.56108e-02	-1.56106e-02	
385	2.269437e-03	-1.50846e-02	-1.50845e-02	
386	2.270465e-03	-1.45940e-02	-1.45939e-02	
387	2.271510e-03	-1.40789e-02	-1.40788e-02	
388	2.273598e-03	-1.30398e-02	-1.30397e-02	
389	2.277774e-03	-1.09390e-02	-1.09389e-02	
390	2.282689e-03	-8.43449e-03	-8.43438e-03	
391	2.289778e-03	-4.77197e-03	-4.77187e-03	
392	2.297232e-03	-4.75463e-03	-4.75454e-03	
393	2.300672e-03	-6.62130e-03	-6.62119e-03	
394	2.302357e-03	-7.52607e-03	-7.52598e-03	
395	2.304613e-03	-8.76628e-03	-8.76617e-03	
396	2.309126e-03	-1.12498e-02	-1.12497e-02	
397	2.313298e-03	-1.27270e-02	-1.27268e-02	
398	2.316118e-03	-1.27766e-02	-1.27765e-02	
399	2.318166e-03	-1.28185e-02	-1.28184e-02	
400	2.319497e-03	-1.28529e-02	-1.28528e-02	
401	2.320465e-03	-1.28729e-02	-1.28727e-02	
402	2.320848e-03	-1.28823e-02	-1.28821e-02	

Index   time            v1#branch       v2#branch       
--------------------------------------------------------------------------------
403	2.321206e-03	-1.28907e-02	-1.28906e-02	
404	2.321476e-03	-1.28964e-02	-1.28963e-02	
405	2.321730e-03	-1.29028e-02	-1.29027e-02	
406	2.322014e-03	-1.29087e-02	-1.29086e-02	
407	2.322323e-03	-1.29164e-02	-1.29162e-02	
408	2.322690e-03	-1.29242e-02	-1.29241e-02	
409	2.323148e-03	-1.29352e-02	-1.29351e-02	
410	2.323734e-03	-1.29481e-02	-1.29480e-02	
411	2.324560e-03	-1.29675e-02	-1.29674e-02	
412	2.325874e-03	-1.29971e-02	-1.29969e-02	
413	2.328209e-03	-1.30510e-02	-1.30509e-02	
414	2.331818e-03	-1.31330e-02	-1.31329e-02	
415	2.338017e-03	-1.32752e-02	-1.32751e-02	
416	2.348017e-03	-1.35033e-02	-1.35032e-02	
417	2.358017e-03	-1.37322e-02	-1.37321e-02	
418	2.368017e-03	-1.39600e-02	-1.39598e-02	
419	2.378017e-03	-1.41886e-02	-1.41885e-02	
420	2.388017e-03	-1.44162e-02	-1.44160e-02	
421	2.398017e-03	-1.46446e-02	-1.46445e-02	
422	2.408017e-03	-1.48719e-02	-1.48717e-02	
423	2.418017e-03	-1.51000e-02	-1.50999e-02	
424	2.428017e-03	-1.53271e-02	-1.53269e-02	
425	2.438017e-03	-1.55550e-02	-1.55549e-02	
426	2.448017e-03	-1.57818e-02	-1.57816e-02	
427	2.458017e-03	-1.60094e-02	-1.60093e-02	
428	2.468017e-03	-1.62356e-02	-1.62354e-02	
429	2.475965e-03	-1.64144e-02	-1.64141e-02	
430	2.482352e-03	-1.49939e-02	-1.49935e-02	
431	2.487179e-03	-1.26171e-02	-1.26168e-02	
432	2.491780e-03	-1.04555e-02	-1.04551e-02	
433	2.497191e-03	-7.75855e-03	-7.75821e-03	
434	2.505304e-03	-3.85455e-03	-3.85418e-03	
435	2.512476e-03	-5.44504e-03	-5.44469e-03	
436	2.518996e-03	-8.75522e-03	-8.75485e-03	
437	2.526237e-03	-1.22043e-02	-1.22039e-02	
438	2.529325e-03	-1.23761e-02	-1.23757e-02	
439	2.532453e-03	-1.23649e-02	-1.23646e-02	
440	2.535102e-03	-1.24878e-02	-1.24874e-02	
441	2.537674e-03	-1.24738e-02	-1.24735e-02	
442	2.540811e-03	-1.25994e-02	-1.25991e-02	
443	2.544911e-03	-1.26189e-02	-1.26186e-02	
444	2.550595e-03	-1.27932e-02	-1.27929e-02	
445	2.558178e-03	-1.28836e-02	-1.28832e-02	
446	2.568178e-03	-1.31424e-02	-1.31420e-02	
447	2.578178e-03	-1.32812e-02	-1.32809e-02	
448	2.588178e-03	-1.35389e-02	-1.35386e-02	
449	2.598178e-03	-1.36779e-02	-1.36776e-02	
450	2.608178e-03	-1.39346e-02	-1.39342e-02	
451	2.618178e-03	-1.40736e-02	-1.40733e-02	
452	2.628178e-03	-1.43294e-02	-1.43290e-02	
453	2.638178e-03	-1.44684e-02	-1.44681e-02	
454	2.648178e-03	-1.47233e-02	-1.47229e-02	
455	2.658178e-03	-1.48623e-02	-1.48619e-02	
456	2.668178e-03	-1.51163e-02	-1.51159e-02	
457	2.678178e-03	-1.52552e-02	-1.52549e-02	
458	2.688178e-03	-1.55084e-02	-1.55080e-02	
459	2.698178e-03	-1.56557e-02	-1.56554e-02	
460	2.699428e-03	-1.57085e-02	-1.57081e-02	

Index   time            v1#branch       v2#branch       
--------------------------------------------------------------------------------
461	2.701928e-03	-1.57576e-02	-1.57573e-02	
462	2.705626e-03	-1.58250e-02	-1.58247e-02	
463	2.709277e-03	-1.50431e-02	-1.50430e-02	
464	2.711390e-03	-1.40327e-02	-1.40326e-02	
465	2.713441e-03	-1.30124e-02	-1.30123e-02	
466	2.715704e-03	-1.18772e-02	-1.18771e-02	
467	2.720230e-03	-9.58467e-03	-9.58456e-03	
468	2.725484e-03	-6.88827e-03	-6.88817e-03	
469	2.732896e-03	-3.07811e-03	-3.07801e-03	
470	2.737742e-03	-5.13498e-03	-5.13489e-03	
471	2.742326e-03	-7.63410e-03	-7.63398e-03	
472	2.746675e-03	-1.00017e-02	-1.00016e-02	
473	2.751943e-03	-1.29374e-02	-1.29373e-02	
474	2.755438e-03	-1.27800e-02	-1.27799e-02	
475	2.757503e-03	-1.28198e-02	-1.28197e-02	
476	2.759253e-03	-1.28664e-02	-1.28663e-02	
477	2.760521e-03	-1.28892e-02	-1.28890e-02	
478	2.761723e-03	-1.29224e-02	-1.29223e-02	
479	2.763087e-03	-1.29490e-02	-1.29489e-02	
480	2.764463e-03	-1.29843e-02	-1.29842e-02	
481	2.766133e-03	-1.30190e-02	-1.30189e-02	
482	2.768827e-03	-1.30839e-02	-1.30837e-02	
483	2.773173e-03	-1.31802e-02	-1.31801e-02	
484	2.779476e-03	-1.33272e-02	-1.33271e-02	
485	2.789476e-03	-1.35529e-02	-1.35527e-02	
486	2.799476e-03	-1.37840e-02	-1.37839e-02	
487	2.809476e-03	-1.40096e-02	-1.40095e-02	
488	2.819476e-03	-1.42404e-02	-1.42403e-02	
489	2.829476e-03	-1.44658e-02	-1.44657e-02	
490	2.839476e-03	-1.46962e-02	-1.46961e-02	
491	2.849476e-03	-1.49215e-02	-1.49214e-02	
492	2.859476e-03	-1.51516e-02	-1.51514e-02	
493	2.869476e-03	-1.53767e-02	-1.53766e-02	
494	2.879476e-03	-1.56064e-02	-1.56063e-02	
495	2.889476e-03	-1.58315e-02	-1.58313e-02	
496	2.899476e-03	-1.60608e-02	-1.60607e-02	
497	2.909476e-03	-1.62847e-02	-1.62845e-02	
498	2.919476e-03	-1.54931e-02	-1.54928e-02	
499	2.926157e-03	-1.22625e-02	-1.22622e-02	
500	2.932262e-03	-9.34279e-03	-9.34243e-03	
501	2.937917e-03	-6.54194e-03	-6.54158e-03	
502	2.943422e-03	-3.88619e-03	-3.88584e-03	
503	2.947457e-03	-3.86608e-03	-3.86570e-03	
504	2.951870e-03	-6.09757e-03	-6.09724e-03	
505	2.954590e-03	-7.38158e-03	-7.38120e-03	
506	2.957528e-03	-8.90112e-03	-8.90078e-03	
507	2.962085e-03	-1.11189e-02	-1.11185e-02	
508	2.966478e-03	-1.23646e-02	-1.23642e-02	
509	2.968512e-03	-1.23595e-02	-1.23591e-02	
510	2.969846e-03	-1.24298e-02	-1.24295e-02	
511	2.971142e-03	-1.24130e-02	-1.24126e-02	
512	2.972819e-03	-1.24874e-02	-1.24870e-02	
513	2.975436e-03	-1.24995e-02	-1.24991e-02	
514	2.978397e-03	-1.25980e-02	-1.25977e-02	
515	2.982832e-03	-1.26472e-02	-1.26468e-02	
516	2.988467e-03	-1.27983e-02	-1.27980e-02	
517	2.996770e-03	-1.29247e-02	-1.29243e-02	
518	3.006770e-03	-1.31622e-02	-1.31618e-02	

Index   time            v1#branch       v2#branch       
--------------------------------------------------------------------------------
519	3.016770e-03	-1.33220e-02	-1.33216e-02	
520	3.026770e-03	-1.35588e-02	-1.35585e-02	
521	3.036770e-03	-1.37184e-02	-1.37181e-02	
522	3.046770e-03	-1.39546e-02	-1.39543e-02	
523	3.056770e-03	-1.41139e-02	-1.41135e-02	
524	3.066770e-03	-1.43495e-02	-1.43492e-02	
525	3.076770e-03	-1.45085e-02	-1.45081e-02	
526	3.086770e-03	-1.47434e-02	-1.47431e-02	
527	3.096770e-03	-1.49022e-02	-1.49018e-02	
528	3.106770e-03	-1.51365e-02	-1.51362e-02	
529	3.116770e-03	-1.52949e-02	-1.52945e-02	
530	3.126770e-03	-1.55286e-02	-1.55283e-02	
531	3.136770e-03	-1.56955e-02	-1.56951e-02	
532	3.138020e-03	-1.57387e-02	-1.57384e-02	
533	3.140520e-03	-1.57867e-02	-1.57864e-02	
534	3.143836e-03	-1.58382e-02	-1.58379e-02	
535	3.146287e-03	-1.53293e-02	-1.53292e-02	
536	3.148700e-03	-1.42287e-02	-1.42286e-02	
537	3.151680e-03	-1.27448e-02	-1.27447e-02	
538	3.154372e-03	-1.13917e-02	-1.13916e-02	
539	3.159756e-03	-8.65223e-03	-8.65212e-03	
540	3.165374e-03	-5.75634e-03	-5.75623e-03	
541	3.172044e-03	-3.34541e-03	-3.34531e-03	
542	3.176236e-03	-5.57560e-03	-5.57549e-03	
543	3.179852e-03	-7.52725e-03	-7.52715e-03	
544	3.183422e-03	-9.48722e-03	-9.48711e-03	
545	3.188637e-03	-1.23700e-02	-1.23699e-02	
546	3.192700e-03	-1.27638e-02	-1.27636e-02	
547	3.194949e-03	-1.27921e-02	-1.27920e-02	
548	3.196213e-03	-1.28392e-02	-1.28390e-02	
549	3.197409e-03	-1.28528e-02	-1.28527e-02	
550	3.198614e-03	-1.28902e-02	-1.28901e-02	
551	3.199732e-03	-1.29087e-02	-1.29086e-02	
552	3.201005e-03	-1.29436e-02	-1.29435e-02	
553	3.202852e-03	-1.29812e-02	-1.29810e-02	
554	3.204889e-03	-1.30317e-02	-1.30315e-02	
555	3.207778e-03	-1.30939e-02	-1.30938e-02	
556	3.213248e-03	-1.32226e-02	-1.32224e-02	
557	3.220024e-03	-1.33743e-02	-1.33742e-02	
558	3.230024e-03	-1.36061e-02	-1.36060e-02	
559	3.240024e-03	-1.38310e-02	-1.38309e-02	
560	3.250024e-03	-1.40625e-02	-1.40624e-02	
561	3.260024e-03	-1.42874e-02	-1.42873e-02	
562	3.270024e-03	-1.45185e-02	-1.45184e-02	
563	3.280024e-03	-1.47433e-02	-1.47432e-02	
564	3.290024e-03	-1.49741e-02	-1.49739e-02	
565	3.300024e-03	-1.51987e-02	-1.51986e-02	
566	3.310024e-03	-1.54293e-02	-1.54292e-02	
567	3.320024e-03	-1.56535e-02	-1.56534e-02	
568	3.330024e-03	-1.58839e-02	-1.58837e-02	
569	3.340024e-03	-1.61081e-02	-1.61079e-02	
570	3.350024e-03	-1.63358e-02	-1.63356e-02	
571	3.357241e-03	-1.64703e-02	-1.64700e-02	
572	3.359878e-03	-1.52079e-02	-1.52075e-02	
573	3.362406e-03	-1.40251e-02	-1.40248e-02	
574	3.364829e-03	-1.28347e-02	-1.28343e-02	
575	3.367481e-03	-1.15848e-02	-1.15845e-02	
576	3.370975e-03	-9.86321e-03	-9.86284e-03	

Index   time            v1#branch       v2#branch       
--------------------------------------------------------------------------------
577	3.375092e-03	-7.88597e-03	-7.88563e-03	
578	3.380511e-03	-5.20018e-03	-5.19980e-03	
579	3.386627e-03	-3.58156e-03	-3.58121e-03	
580	3.389182e-03	-4.80842e-03	-4.80806e-03	
581	3.391093e-03	-5.76769e-03	-5.76733e-03	
582	3.392965e-03	-6.67005e-03	-6.66969e-03	
583	3.396538e-03	-8.47004e-03	-8.46968e-03	
584	3.400944e-03	-1.06404e-02	-1.06400e-02	
585	3.405743e-03	-1.23023e-02	-1.23020e-02	
586	3.408883e-03	-1.23453e-02	-1.23449e-02	
587	3.411156e-03	-1.24138e-02	-1.24134e-02	
588	3.412818e-03	-1.24218e-02	-1.24215e-02	
589	3.414506e-03	-1.24815e-02	-1.24811e-02	
590	3.416172e-03	-1.24879e-02	-1.24875e-02	
591	3.418414e-03	-1.25596e-02	-1.25592e-02	
592	3.421327e-03	-1.25891e-02	-1.25887e-02	
593	3.424902e-03	-1.26876e-02	-1.26872e-02	
594	3.429658e-03	-1.27550e-02	-1.27547e-02	
595	3.435733e-03	-1.29031e-02	-1.29027e-02	
596	3.443559e-03	-1.30316e-02	-1.30313e-02	
597	3.453559e-03	-1.32573e-02	-1.32569e-02	
598	3.463559e-03	-1.34290e-02	-1.34286e-02	
599	3.473559e-03	-1.36541e-02	-1.36537e-02	
600	3.483559e-03	-1.38251e-02	-1.38247e-02	
601	3.493559e-03	-1.40497e-02	-1.40493e-02	
602	3.503559e-03	-1.42203e-02	-1.42200e-02	
603	3.513559e-03	-1.44444e-02	-1.44440e-02	
604	3.523559e-03	-1.46146e-02	-1.46143e-02	
605	3.533559e-03	-1.48382e-02	-1.48378e-02	
606	3.543559e-03	-1.50080e-02	-1.50076e-02	
607	3.553559e-03	-1.52311e-02	-1.52307e-02	
608	3.563559e-03	-1.54005e-02	-1.54001e-02	
609	3.573559e-03	-1.56260e-02	-1.56256e-02	
610	3.583559e-03	-1.57985e-02	-1.57982e-02	
611	3.591676e-03	-1.40229e-02	-1.40228e-02	
612	3.599050e-03	-1.02818e-02	-1.02817e-02	
613	3.606405e-03	-6.53906e-03	-6.53895e-03	
614	3.613202e-03	-3.01851e-03	-3.01841e-03	
615	3.615971e-03	-4.09041e-03	-4.09032e-03	
616	3.618592e-03	-5.49004e-03	-5.48992e-03	
617	3.621337e-03	-6.98332e-03	-6.98323e-03	
618	3.624236e-03	-8.55282e-03	-8.55270e-03	
619	3.630033e-03	-1.17673e-02	-1.17672e-02	
620	3.637946e-03	-1.28096e-02	-1.28094e-02	
621	3.645112e-03	-1.29544e-02	-1.29543e-02	
622	3.651789e-03	-1.31246e-02	-1.31245e-02	
623	3.660762e-03	-1.33119e-02	-1.33119e-02	
624	3.670072e-03	-1.35414e-02	-1.35413e-02	
625	3.680072e-03	-1.37540e-02	-1.37540e-02	
626	3.690072e-03	-1.39972e-02	-1.39971e-02	
627	3.700072e-03	-1.42113e-02	-1.42112e-02	
628	3.710072e-03	-1.44526e-02	-1.44525e-02	
629	3.720072e-03	-1.46679e-02	-1.46678e-02	
630	3.730072e-03	-1.49076e-02	-1.49075e-02	
631	3.740072e-03	-1.51239e-02	-1.51238e-02	
632	3.750072e-03	-1.53622e-02	-1.53621e-02	
633	3.760072e-03	-1.55794e-02	-1.55793e-02	
634	3.770072e-03	-1.58164e-02	-1.58162e-02	

Index   time            v1#branch       v2#branch       
--------------------------------------------------------------------------------
635	3.780072e-03	-1.60342e-02	-1.60342e-02	
636	3.790072e-03	-1.62694e-02	-1.62692e-02	
637	3.800072e-03	-1.58837e-02	-1.58834e-02	
638	3.810072e-03	-1.10537e-02	-1.10533e-02	
639	3.819803e-03	-6.35409e-03	-6.35376e-03	
640	3.829803e-03	-4.30920e-03	-4.30881e-03	
641	3.839803e-03	-9.33979e-03	-9.33947e-03	
642	3.849803e-03	-1.23262e-02	-1.23258e-02	
643	3.853084e-03	-1.24701e-02	-1.24697e-02	
644	3.855603e-03	-1.24539e-02	-1.24535e-02	
645	3.857537e-03	-1.25536e-02	-1.25533e-02	
646	3.859543e-03	-1.25366e-02	-1.25362e-02	
647	3.861394e-03	-1.26276e-02	-1.26273e-02	
648	3.863450e-03	-1.26166e-02	-1.26162e-02	
649	3.865765e-03	-1.27133e-02	-1.27130e-02	
650	3.868485e-03	-1.27178e-02	-1.27174e-02	
651	3.872170e-03	-1.28401e-02	-1.28398e-02	
652	3.877392e-03	-1.28954e-02	-1.28951e-02	
653	3.885602e-03	-1.31070e-02	-1.31066e-02	
654	3.895602e-03	-1.32574e-02	-1.32570e-02	
655	3.905602e-03	-1.35037e-02	-1.35034e-02	
656	3.915602e-03	-1.36540e-02	-1.36536e-02	
657	3.925602e-03	-1.38996e-02	-1.38993e-02	
658	3.935602e-03	-1.40497e-02	-1.40493e-02	
659	3.945602e-03	-1.42945e-02	-1.42942e-02	
660	3.955602e-03	-1.44444e-02	-1.44440e-02	
661	3.965602e-03	-1.46886e-02	-1.46883e-02	
662	3.975602e-03	-1.48383e-02	-1.48379e-02	
663	3.985602e-03	-1.50817e-02	-1.50814e-02	
664	3.995602e-03	-1.52312e-02	-1.52308e-02	
665	4.005602e-03	-1.54740e-02	-1.54736e-02	
666	4.015602e-03	-1.56295e-02	-1.56291e-02	
667	4.025602e-03	-1.58598e-02	-1.58595e-02	
668	4.035602e-03	-1.31713e-02	-1.31712e-02	
669	4.044714e-03	-8.60341e-03	-8.60333e-03	
670	4.054714e-03	-3.38516e-03	-3.38504e-03	
671	4.061279e-03	-5.72178e-03	-5.72171e-03	
672	4.065843e-03	-8.17757e-03	-8.17743e-03	
673	4.069574e-03	-1.02632e-02	-1.02631e-02	
674	4.073188e-03	-1.22348e-02	-1.22347e-02	
675	4.076045e-03	-1.26821e-02	-1.26820e-02	
676	4.077790e-03	-1.27197e-02	-1.27196e-02	
677	4.079717e-03	-1.27541e-02	-1.27540e-02	
678	4.081620e-03	-1.28035e-02	-1.28033e-02	
679	4.083990e-03	-1.28542e-02	-1.28541e-02	
680	4.086689e-03	-1.29187e-02	-1.29185e-02	
681	4.090138e-03	-1.29954e-02	-1.29953e-02	
682	4.094632e-03	-1.31000e-02	-1.30999e-02	
683	4.100547e-03	-1.32336e-02	-1.32335e-02	
684	4.108741e-03	-1.34224e-02	-1.34222e-02	
685	4.118741e-03	-1.36494e-02	-1.36493e-02	
686	4.128741e-03	-1.38791e-02	-1.38789e-02	
687	4.138741e-03	-1.41060e-02	-1.41060e-02	
688	4.148741e-03	-1.43353e-02	-1.43352e-02	
689	4.158741e-03	-1.45622e-02	-1.45621e-02	
690	4.168741e-03	-1.47910e-02	-1.47909e-02	
691	4.178741e-03	-1.50177e-02	-1.50177e-02	
692	4.188741e-03	-1.52463e-02	-1.52461e-02	

Index   time            v1#branch       v2#branch       
--------------------------------------------------------------------------------
693	4.198741e-03	-1.54728e-02	-1.54727e-02	
694	4.208741e-03	-1.57010e-02	-1.57009e-02	
695	4.218741e-03	-1.59274e-02	-1.59273e-02	
696	4.228741e-03	-1.61552e-02	-1.61550e-02	
697	4.238741e-03	-1.63761e-02	-1.63759e-02	
698	4.248741e-03	-1.49332e-02	-1.49329e-02	
699	4.251971e-03	-1.33484e-02	-1.33480e-02	
700	4.255045e-03	-1.19110e-02	-1.19106e-02	
701	4.258357e-03	-1.02666e-02	-1.02662e-02	
702	4.264982e-03	-7.07987e-03	-7.07949e-03	
703	4.273380e-03	-2.99614e-03	-2.99579e-03	
704	4.279913e-03	-6.07101e-03	-6.07064e-03	
705	4.286109e-03	-9.10694e-03	-9.10660e-03	
706	4.293153e-03	-1.22609e-02	-1.22605e-02	
707	4.298310e-03	-1.23422e-02	-1.23418e-02	
708	4.302548e-03	-1.24598e-02	-1.24594e-02	
709	4.306739e-03	-1.25089e-02	-1.25085e-02	
710	4.311256e-03	-1.26372e-02	-1.26368e-02	
711	4.316566e-03	-1.27035e-02	-1.27031e-02	
712	4.324141e-03	-1.28924e-02	-1.28920e-02	
713	4.334141e-03	-1.30528e-02	-1.30525e-02	
714	4.344141e-03	-1.32900e-02	-1.32897e-02	
715	4.354141e-03	-1.34491e-02	-1.34488e-02	
716	4.364141e-03	-1.36867e-02	-1.36863e-02	
717	4.374141e-03	-1.38449e-02	-1.38445e-02	
718	4.384141e-03	-1.40825e-02	-1.40821e-02	
719	4.394141e-03	-1.42399e-02	-1.42395e-02	
720	4.404141e-03	-1.44773e-02	-1.44769e-02	
721	4.414141e-03	-1.46339e-02	-1.46336e-02	
722	4.424141e-03	-1.48711e-02	-1.48707e-02	
723	4.434141e-03	-1.50271e-02	-1.50268e-02	
724	4.444141e-03	-1.52640e-02	-1.52637e-02	
725	4.454141e-03	-1.54195e-02	-1.54191e-02	
726	4.464141e-03	-1.56606e-02	-1.56602e-02	
727	4.474141e-03	-1.58102e-02	-1.58100e-02	
728	4.475391e-03	-1.58221e-02	-1.58219e-02	
729	4.477592e-03	-1.53074e-02	-1.53073e-02	
730	4.479100e-03	-1.46125e-02	-1.46124e-02	
731	4.480531e-03	-1.39054e-02	-1.39053e-02	
732	4.483085e-03	-1.26323e-02	-1.26322e-02	
733	4.488191e-03	-1.00525e-02	-1.00524e-02	
734	4.492814e-03	-7.68731e-03	-7.68720e-03	
735	4.501189e-03	-3.36122e-03	-3.36112e-03	
736	4.506969e-03	-5.31945e-03	-5.31936e-03	
737	4.512574e-03	-8.38507e-03	-8.38495e-03	
738	4.518205e-03	-1.14712e-02	-1.14711e-02	
739	4.524144e-03	-1.27684e-02	-1.27682e-02	
740	4.527056e-03	-1.28037e-02	-1.28036e-02	
741	4.529072e-03	-1.28756e-02	-1.28754e-02	
742	4.531032e-03	-1.28994e-02	-1.28993e-02	
743	4.532823e-03	-1.29567e-02	-1.29566e-02	
744	4.534550e-03	-1.29833e-02	-1.29832e-02	
745	4.536440e-03	-1.30372e-02	-1.30371e-02	
746	4.538834e-03	-1.30833e-02	-1.30832e-02	
747	4.541733e-03	-1.31570e-02	-1.31569e-02	
748	4.545337e-03	-1.32328e-02	-1.32327e-02	
749	4.549763e-03	-1.33401e-02	-1.33400e-02	
750	4.555661e-03	-1.34691e-02	-1.34690e-02	

Index   time            v1#branch       v2#branch       
--------------------------------------------------------------------------------
751	4.563993e-03	-1.36650e-02	-1.36649e-02	
752	4.573993e-03	-1.38879e-02	-1.38878e-02	
753	4.583993e-03	-1.41214e-02	-1.41212e-02	
754	4.593993e-03	-1.43443e-02	-1.43442e-02	
755	4.603993e-03	-1.45773e-02	-1.45771e-02	
756	4.613993e-03	-1.48002e-02	-1.48001e-02	
757	4.623993e-03	-1.50327e-02	-1.50326e-02	
758	4.633993e-03	-1.52556e-02	-1.52555e-02	
759	4.643993e-03	-1.54876e-02	-1.54875e-02	
760	4.653993e-03	-1.57105e-02	-1.57104e-02	
761	4.663993e-03	-1.59420e-02	-1.59419e-02	
762	4.673993e-03	-1.61648e-02	-1.61647e-02	
763	4.682073e-03	-1.63498e-02	-1.63496e-02	
764	4.689211e-03	-1.65162e-02	-1.65159e-02	
765	4.693907e-03	-1.42781e-02	-1.42777e-02	
766	4.698270e-03	-1.22030e-02	-1.22026e-02	
767	4.702674e-03	-1.00474e-02	-1.00471e-02	
768	4.707090e-03	-7.91994e-03	-7.91960e-03	
769	4.712524e-03	-5.23157e-03	-5.23119e-03	
770	4.718573e-03	-3.52245e-03	-3.52210e-03	
771	4.722512e-03	-5.42847e-03	-5.42810e-03	
772	4.725728e-03	-7.03504e-03	-7.03469e-03	
773	4.728889e-03	-8.58601e-03	-8.58565e-03	
774	4.734037e-03	-1.11767e-02	-1.11764e-02	
775	4.739096e-03	-1.22959e-02	-1.22956e-02	
776	4.743173e-03	-1.23988e-02	-1.23984e-02	
777	4.745775e-03	-1.24280e-02	-1.24276e-02	
778	4.748338e-03	-1.25022e-02	-1.25018e-02	
779	4.753464e-03	-1.25803e-02	-1.25799e-02	
780	4.758296e-03	-1.27010e-02	-1.27006e-02	
781	4.765753e-03	-1.28249e-02	-1.28245e-02	
782	4.775753e-03	-1.30484e-02	-1.30480e-02	
783	4.785753e-03	-1.32223e-02	-1.32219e-02	
784	4.795753e-03	-1.34455e-02	-1.34452e-02	
785	4.805753e-03	-1.36187e-02	-1.36184e-02	
786	4.815753e-03	-1.38417e-02	-1.38414e-02	
787	4.825753e-03	-1.40143e-02	-1.40139e-02	
788	4.835753e-03	-1.42370e-02	-1.42367e-02	
789	4.845753e-03	-1.44089e-02	-1.44086e-02	
790	4.855753e-03	-1.46314e-02	-1.46310e-02	
791	4.865753e-03	-1.48027e-02	-1.48024e-02	
792	4.875753e-03	-1.50248e-02	-1.50244e-02	
793	4.885753e-03	-1.51956e-02	-1.51952e-02	
794	4.895753e-03	-1.54173e-02	-1.54169e-02	
795	4.905753e-03	-1.55885e-02	-1.55882e-02	
796	4.915753e-03	-1.58167e-02	-1.58164e-02	
797	4.916389e-03	-1.58144e-02	-1.58141e-02	
798	4.917660e-03	-1.58333e-02	-1.58331e-02	
799	4.919076e-03	-1.58166e-02	-1.58164e-02	
800	4.920256e-03	-1.55913e-02	-1.55911e-02	
801	4.921374e-03	-1.51594e-02	-1.51593e-02	
802	4.922529e-03	-1.46097e-02	-1.46096e-02	
803	4.924837e-03	-1.34688e-02	-1.34687e-02	
804	4.927538e-03	-1.21156e-02	-1.21155e-02	
805	4.932251e-03	-9.73122e-03	-9.73111e-03	
806	4.936994e-03	-7.29822e-03	-7.29812e-03	
807	4.944259e-03	-3.54199e-03	-3.54188e-03	
808	4.949471e-03	-4.82796e-03	-4.82787e-03	

Index   time            v1#branch       v2#branch       
--------------------------------------------------------------------------------
809	4.954550e-03	-7.59397e-03	-7.59385e-03	
810	4.957682e-03	-9.29075e-03	-9.29066e-03	
811	4.960654e-03	-1.09444e-02	-1.09442e-02	
812	4.964512e-03	-1.30687e-02	-1.30686e-02	
813	4.966979e-03	-1.27585e-02	-1.27583e-02	
814	4.968977e-03	-1.27741e-02	-1.27740e-02	
815	4.970441e-03	-1.28295e-02	-1.28294e-02	
816	4.971700e-03	-1.28433e-02	-1.28433e-02	
817	4.972821e-03	-1.28765e-02	-1.28764e-02	
818	4.973913e-03	-1.28968e-02	-1.28967e-02	
819	4.975247e-03	-1.29327e-02	-1.29325e-02	
820	4.976697e-03	-1.29616e-02	-1.29615e-02	
821	4.978297e-03	-1.30018e-02	-1.30016e-02	
822	4.980250e-03	-1.30433e-02	-1.30432e-02	
823	4.982881e-03	-1.31063e-02	-1.31061e-02	
824	4.987368e-03	-1.32062e-02	-1.32062e-02	
825	4.993597e-03	-1.33512e-02	-1.33511e-02	
826	5.003597e-03	-1.35767e-02	-1.35766e-02	
827	5.013597e-03	-1.38079e-02	-1.38078e-02	
828	5.023597e-03	-1.40335e-02	-1.40334e-02	
829	5.033597e-03	-1.42643e-02	-1.42641e-02	
830	5.043597e-03	-1.44897e-02	-1.44896e-02	
831	5.053597e-03	-1.47201e-02	-1.47199e-02	
832	5.063597e-03	-1.49453e-02	-1.49452e-02	
833	5.073597e-03	-1.51754e-02	-1.51753e-02	
834	5.083597e-03	-1.54005e-02	-1.54004e-02	
835	5.093597e-03	-1.56303e-02	-1.56301e-02	
836	5.103597e-03	-1.58551e-02	-1.58550e-02	
837	5.113597e-03	-1.60848e-02	-1.60846e-02	
838	5.123597e-03	-1.63081e-02	-1.63079e-02	
839	5.133597e-03	-1.55519e-02	-1.55515e-02	
840	5.139287e-03	-1.28134e-02	-1.28130e-02	
841	5.144411e-03	-1.03793e-02	-1.03789e-02	
842	5.149517e-03	-7.85139e-03	-7.85106e-03	
843	5.154365e-03	-5.52001e-03	-5.51962e-03	
844	5.159636e-03	-2.98592e-03	-2.98558e-03	
845	5.161300e-03	-3.70352e-03	-3.70312e-03	
846	5.163037e-03	-4.51839e-03	-4.51807e-03	
847	5.165039e-03	-5.53576e-03	-5.53538e-03	
848	5.166848e-03	-6.39144e-03	-6.39111e-03	
849	5.169622e-03	-7.80711e-03	-7.80672e-03	
850	5.173015e-03	-9.45478e-03	-9.45444e-03	
851	5.177306e-03	-1.16401e-02	-1.16397e-02	
852	5.180496e-03	-1.22923e-02	-1.22920e-02	
853	5.183341e-03	-1.23903e-02	-1.23899e-02	
854	5.184931e-03	-1.23808e-02	-1.23805e-02	
855	5.186411e-03	-1.24514e-02	-1.24510e-02	
856	5.188898e-03	-1.24600e-02	-1.24597e-02	
857	5.191278e-03	-1.25483e-02	-1.25479e-02	
858	5.194622e-03	-1.25742e-02	-1.25739e-02	
859	5.199203e-03	-1.27061e-02	-1.27057e-02	
860	5.204925e-03	-1.27795e-02	-1.27791e-02	
861	5.212951e-03	-1.29795e-02	-1.29792e-02	
862	5.222951e-03	-1.31379e-02	-1.31376e-02	
863	5.232951e-03	-1.33767e-02	-1.33763e-02	
864	5.242951e-03	-1.35347e-02	-1.35343e-02	
865	5.252951e-03	-1.37729e-02	-1.37726e-02	
866	5.262951e-03	-1.39306e-02	-1.39302e-02	

Index   time            v1#branch       v2#branch       
--------------------------------------------------------------------------------
867	5.272951e-03	-1.41683e-02	-1.41679e-02	
868	5.282951e-03	-1.43227e-02	-1.43223e-02	
869	5.292951e-03	-1.45601e-02	-1.45597e-02	
870	5.302951e-03	-1.47167e-02	-1.47164e-02	
871	5.312951e-03	-1.49535e-02	-1.49532e-02	
872	5.322951e-03	-1.51099e-02	-1.51095e-02	
873	5.332951e-03	-1.53461e-02	-1.53458e-02	
874	5.342951e-03	-1.55021e-02	-1.55018e-02	
875	5.352951e-03	-1.57491e-02	-1.57488e-02	
876	5.362951e-03	-1.33684e-02	-1.33683e-02	
877	5.366876e-03	-1.14465e-02	-1.14464e-02	
878	5.370606e-03	-9.51820e-03	-9.51809e-03	
879	5.376268e-03	-6.65673e-03	-6.65662e-03	
880	5.385492e-03	-3.75677e-03	-3.75667e-03	
881	5.393178e-03	-7.93063e-03	-7.93052e-03	
882	5.400465e-03	-1.18905e-02	-1.18904e-02	
883	5.407219e-03	-1.28651e-02	-1.28650e-02	
884	5.408999e-03	-1.28882e-02	-1.28881e-02	
885	5.410783e-03	-1.29425e-02	-1.29423e-02	
886	5.412533e-03	-1.29716e-02	-1.29715e-02	
887	5.414509e-03	-1.30251e-02	-1.30250e-02	
888	5.416881e-03	-1.30726e-02	-1.30725e-02	
889	5.419976e-03	-1.31493e-02	-1.31492e-02	
890	5.424491e-03	-1.32472e-02	-1.32470e-02	
891	5.431784e-03	-1.34190e-02	-1.34188e-02	
892	5.441784e-03	-1.36425e-02	-1.36424e-02	
893	5.451784e-03	-1.38756e-02	-1.38755e-02	
894	5.461784e-03	-1.40992e-02	-1.40990e-02	
895	5.471784e-03	-1.43318e-02	-1.43317e-02	
896	5.481784e-03	-1.45553e-02	-1.45552e-02	
897	5.491784e-03	-1.47875e-02	-1.47873e-02	
898	5.501784e-03	-1.50110e-02	-1.50108e-02	
899	5.511784e-03	-1.52427e-02	-1.52425e-02	
900	5.521784e-03	-1.54661e-02	-1.54660e-02	
901	5.531784e-03	-1.56974e-02	-1.56972e-02	
902	5.541784e-03	-1.59207e-02	-1.59206e-02	
903	5.551784e-03	-1.61515e-02	-1.61514e-02	
904	5.561784e-03	-1.63708e-02	-1.63705e-02	
905	5.571784e-03	-1.52805e-02	-1.52802e-02	
906	5.576932e-03	-1.27754e-02	-1.27751e-02	
907	5.582874e-03	-9.94793e-03	-9.94759e-03	
908	5.589467e-03	-6.68331e-03	-6.68294e-03	
909	5.599467e-03	-4.00080e-03	-4.00045e-03	
910	5.602841e-03	-5.61570e-03	-5.61534e-03	
911	5.605340e-03	-6.89284e-03	-6.89249e-03	
912	5.607798e-03	-8.06963e-03	-8.06926e-03	
913	5.612715e-03	-1.05671e-02	-1.05668e-02	
914	5.617446e-03	-1.22282e-02	-1.22278e-02	
915	5.619454e-03	-1.23185e-02	-1.23182e-02	
916	5.621023e-03	-1.23041e-02	-1.23037e-02	
917	5.622349e-03	-1.23748e-02	-1.23745e-02	
918	5.623632e-03	-1.23568e-02	-1.23564e-02	
919	5.625237e-03	-1.24318e-02	-1.24315e-02	
920	5.627687e-03	-1.24380e-02	-1.24376e-02	
921	5.630394e-03	-1.25344e-02	-1.25341e-02	
922	5.634287e-03	-1.25698e-02	-1.25694e-02	
923	5.639187e-03	-1.27094e-02	-1.27091e-02	
924	5.645524e-03	-1.27936e-02	-1.27932e-02	

Index   time            v1#branch       v2#branch       
--------------------------------------------------------------------------------
925	5.654214e-03	-1.30083e-02	-1.30080e-02	
926	5.664214e-03	-1.31652e-02	-1.31648e-02	
927	5.674214e-03	-1.34054e-02	-1.34051e-02	
928	5.684214e-03	-1.35620e-02	-1.35615e-02	
929	5.694214e-03	-1.38016e-02	-1.38013e-02	
930	5.704214e-03	-1.39578e-02	-1.39574e-02	
931	5.714214e-03	-1.41968e-02	-1.41965e-02	
932	5.724214e-03	-1.43527e-02	-1.43523e-02	
933	5.734214e-03	-1.45911e-02	-1.45908e-02	
934	5.744214e-03	-1.47467e-02	-1.47463e-02	
935	5.754214e-03	-1.49846e-02	-1.49843e-02	
936	5.764214e-03	-1.51398e-02	-1.51394e-02	
937	5.774214e-03	-1.53771e-02	-1.53768e-02	
938	5.784214e-03	-1.55320e-02	-1.55316e-02	
939	5.794214e-03	-1.57772e-02	-1.57769e-02	
940	5.802219e-03	-1.39332e-02	-1.39330e-02	
941	5.809615e-03	-1.02638e-02	-1.02637e-02	
942	5.817671e-03	-6.10143e-03	-6.10128e-03	
943	5.824321e-03	-3.01979e-03	-3.01975e-03	
944	5.827736e-03	-4.73747e-03	-4.73731e-03	
945	5.830419e-03	-6.22506e-03	-6.22501e-03	
946	5.833063e-03	-7.61145e-03	-7.61129e-03	
947	5.838350e-03	-1.05554e-02	-1.05553e-02	
948	5.843009e-03	-1.30929e-02	-1.30928e-02	
949	5.846864e-03	-1.28378e-02	-1.28378e-02	
950	5.847859e-03	-1.28449e-02	-1.28448e-02	
951	5.848410e-03	-1.28649e-02	-1.28648e-02	
952	5.848864e-03	-1.28714e-02	-1.28712e-02	
953	5.849251e-03	-1.28866e-02	-1.28865e-02	
954	5.849628e-03	-1.28872e-02	-1.28870e-02	
955	5.850011e-03	-1.29048e-02	-1.29047e-02	
956	5.850432e-03	-1.29056e-02	-1.29054e-02	
957	5.850922e-03	-1.29258e-02	-1.29257e-02	
958	5.851518e-03	-1.29303e-02	-1.29301e-02	
959	5.852318e-03	-1.29578e-02	-1.29578e-02	
960	5.853492e-03	-1.29753e-02	-1.29751e-02	
961	5.855409e-03	-1.30286e-02	-1.30285e-02	
962	5.858974e-03	-1.31007e-02	-1.31005e-02	
963	5.864754e-03	-1.32423e-02	-1.32423e-02	
964	5.874754e-03	-1.34614e-02	-1.34612e-02	
965	5.884754e-03	-1.36993e-02	-1.36993e-02	
966	5.894754e-03	-1.39181e-02	-1.39179e-02	
967	5.904754e-03	-1.41558e-02	-1.41558e-02	
968	5.914754e-03	-1.43744e-02	-1.43742e-02	
969	5.924754e-03	-1.46118e-02	-1.46118e-02	
970	5.934754e-03	-1.48301e-02	-1.48299e-02	
971	5.944754e-03	-1.50673e-02	-1.50673e-02	
972	5.954754e-03	-1.52853e-02	-1.52851e-02	
973	5.964754e-03	-1.55223e-02	-1.55222e-02	
974	5.974754e-03	-1.57401e-02	-1.57399e-02	
975	5.984754e-03	-1.59768e-02	-1.59767e-02	
976	5.994754e-03	-1.61941e-02	-1.61939e-02	
977	6.004754e-03	-1.56979e-02	-1.56976e-02	
978	6.014754e-03	-1.08797e-02	-1.08792e-02	
979	6.024622e-03	-6.11339e-03	-6.11313e-03	
980	6.034622e-03	-4.55827e-03	-4.55780e-03	
981	6.044622e-03	-9.57201e-03	-9.57176e-03	
982	6.053063e-03	-1.23766e-02	-1.23761e-02	

Index   time            v1#branch       v2#branch       
--------------------------------------------------------------------------------
983	6.061273e-03	-1.26172e-02	-1.26169e-02	
984	6.068521e-03	-1.26922e-02	-1.26917e-02	
985	6.075435e-03	-1.28956e-02	-1.28954e-02	
986	6.085435e-03	-1.30303e-02	-1.30298e-02	
987	6.095435e-03	-1.32911e-02	-1.32908e-02	
988	6.105435e-03	-1.34284e-02	-1.34280e-02	
989	6.115435e-03	-1.36867e-02	-1.36864e-02	
990	6.125435e-03	-1.38256e-02	-1.38251e-02	
991	6.135435e-03	-1.40812e-02	-1.40810e-02	
992	6.145435e-03	-1.42215e-02	-1.42211e-02	
993	6.155435e-03	-1.44751e-02	-1.44749e-02	
994	6.165435e-03	-1.46165e-02	-1.46160e-02	
995	6.175435e-03	-1.48682e-02	-1.48680e-02	
996	6.185435e-03	-1.50104e-02	-1.50100e-02	
997	6.195435e-03	-1.52605e-02	-1.52602e-02	
998	6.205435e-03	-1.54034e-02	-1.54029e-02	
999	6.215435e-03	-1.56567e-02	-1.56565e-02	
1000	6.225435e-03	-1.57987e-02	-1.57983e-02	
1001	6.235435e-03	-1.34458e-02	-1.34458e-02	
1002	6.245435e-03	-8.34146e-03	-8.34124e-03	
1003	6.255435e-03	-3.22013e-03	-3.22013e-03	
1004	6.263421e-03	-6.66925e-03	-6.66904e-03	
1005	6.270771e-03	-1.07632e-02	-1.07632e-02	
1006	6.277421e-03	-1.27079e-02	-1.27077e-02	
1007	6.280514e-03	-1.27777e-02	-1.27777e-02	
1008	6.283487e-03	-1.28440e-02	-1.28438e-02	
1009	6.287094e-03	-1.29279e-02	-1.29279e-02	
1010	6.290394e-03	-1.30018e-02	-1.30016e-02	
1011	6.293597e-03	-1.30769e-02	-1.30769e-02	
1012	6.296034e-03	-1.31304e-02	-1.31302e-02	
1013	6.297514e-03	-1.31669e-02	-1.31669e-02	
1014	6.298701e-03	-1.31906e-02	-1.31904e-02	
1015	6.299596e-03	-1.32160e-02	-1.32159e-02	
1016	6.300531e-03	-1.32313e-02	-1.32310e-02	
1017	6.301408e-03	-1.32583e-02	-1.32583e-02	
1018	6.302512e-03	-1.32760e-02	-1.32757e-02	
1019	6.304398e-03	-1.33269e-02	-1.33269e-02	
1020	6.306914e-03	-1.33764e-02	-1.33762e-02	
1021	6.311026e-03	-1.34785e-02	-1.34785e-02	
1022	6.318091e-03	-1.36317e-02	-1.36315e-02	
1023	6.328091e-03	-1.38683e-02	-1.38683e-02	
1024	6.338091e-03	-1.40883e-02	-1.40880e-02	
1025	6.348091e-03	-1.43246e-02	-1.43246e-02	
1026	6.358091e-03	-1.45443e-02	-1.45441e-02	
1027	6.368091e-03	-1.47804e-02	-1.47804e-02	
1028	6.378091e-03	-1.49998e-02	-1.49996e-02	
1029	6.388091e-03	-1.52357e-02	-1.52357e-02	
1030	6.398091e-03	-1.54549e-02	-1.54546e-02	
1031	6.408091e-03	-1.56906e-02	-1.56905e-02	
1032	6.418091e-03	-1.59094e-02	-1.59092e-02	
1033	6.428091e-03	-1.61448e-02	-1.61448e-02	
1034	6.438091e-03	-1.63601e-02	-1.63597e-02	
1035	6.448091e-03	-1.57805e-02	-1.57802e-02	
1036	6.455816e-03	-1.20549e-02	-1.20545e-02	
1037	6.463000e-03	-8.60986e-03	-8.60963e-03	
1038	6.472004e-03	-4.15890e-03	-4.15842e-03	
1039	6.478644e-03	-4.86630e-03	-4.86605e-03	
1040	6.483347e-03	-7.17441e-03	-7.17394e-03	

Index   time            v1#branch       v2#branch       
--------------------------------------------------------------------------------
1041	6.488474e-03	-9.74345e-03	-9.74321e-03	
1042	6.495173e-03	-1.22258e-02	-1.22253e-02	
1043	6.500997e-03	-1.23804e-02	-1.23801e-02	
1044	6.506735e-03	-1.24587e-02	-1.24582e-02	
1045	6.511996e-03	-1.25993e-02	-1.25991e-02	
1046	6.519698e-03	-1.27192e-02	-1.27187e-02	
1047	6.527834e-03	-1.29148e-02	-1.29146e-02	
1048	6.537834e-03	-1.30782e-02	-1.30777e-02	
1049	6.547834e-03	-1.33126e-02	-1.33123e-02	
1050	6.557834e-03	-1.34751e-02	-1.34746e-02	
1051	6.567834e-03	-1.37089e-02	-1.37086e-02	
1052	6.577834e-03	-1.38710e-02	-1.38705e-02	
1053	6.587834e-03	-1.41044e-02	-1.41042e-02	
1054	6.597834e-03	-1.42660e-02	-1.42655e-02	
1055	6.607834e-03	-1.44991e-02	-1.44988e-02	
1056	6.617834e-03	-1.46601e-02	-1.46596e-02	
1057	6.627834e-03	-1.48928e-02	-1.48926e-02	
1058	6.637834e-03	-1.50533e-02	-1.50528e-02	
1059	6.647834e-03	-1.52856e-02	-1.52854e-02	
1060	6.657834e-03	-1.54455e-02	-1.54451e-02	
1061	6.667834e-03	-1.56824e-02	-1.56821e-02	
1062	6.677834e-03	-1.33990e-02	-1.33988e-02	
1063	6.685298e-03	-9.67101e-03	-9.67103e-03	
1064	6.693075e-03	-5.65720e-03	-5.65697e-03	
1065	6.701962e-03	-4.61553e-03	-4.61555e-03	
1066	6.710781e-03	-9.35557e-03	-9.35534e-03	
1067	6.719207e-03	-1.28579e-02	-1.28580e-02	
1068	6.720617e-03	-1.28846e-02	-1.28843e-02	
1069	6.721396e-03	-1.28987e-02	-1.28987e-02	
1070	6.722145e-03	-1.29093e-02	-1.29090e-02	
1071	6.722639e-03	-1.29316e-02	-1.29316e-02	
1072	6.723195e-03	-1.29327e-02	-1.29325e-02	
1073	6.723770e-03	-1.29581e-02	-1.29582e-02	
1074	6.724393e-03	-1.29598e-02	-1.29595e-02	
1075	6.725178e-03	-1.29905e-02	-1.29906e-02	
1076	6.726197e-03	-1.30009e-02	-1.30006e-02	
1077	6.727632e-03	-1.30468e-02	-1.30468e-02	
1078	6.729398e-03	-1.30740e-02	-1.30738e-02	
1079	6.731916e-03	-1.31448e-02	-1.31448e-02	
1080	6.735710e-03	-1.32183e-02	-1.32180e-02	
1081	6.741049e-03	-1.33536e-02	-1.33536e-02	
1082	6.750945e-03	-1.35664e-02	-1.35661e-02	
1083	6.760945e-03	-1.38081e-02	-1.38082e-02	
1084	6.770945e-03	-1.40231e-02	-1.40228e-02	
1085	6.780945e-03	-1.42645e-02	-1.42645e-02	
1086	6.790945e-03	-1.44792e-02	-1.44789e-02	
1087	6.800945e-03	-1.47204e-02	-1.47204e-02	
1088	6.810945e-03	-1.49348e-02	-1.49345e-02	
1089	6.820945e-03	-1.51758e-02	-1.51758e-02	
1090	6.830945e-03	-1.53899e-02	-1.53896e-02	
1091	6.840945e-03	-1.56307e-02	-1.56307e-02	
1092	6.850945e-03	-1.58445e-02	-1.58443e-02	
1093	6.860945e-03	-1.60851e-02	-1.60851e-02	
1094	6.870945e-03	-1.62974e-02	-1.62970e-02	
1095	6.880945e-03	-1.57024e-02	-1.57022e-02	
1096	6.888634e-03	-1.19689e-02	-1.19684e-02	
1097	6.895819e-03	-8.54273e-03	-8.54251e-03	
1098	6.904037e-03	-4.45672e-03	-4.45621e-03	

Index   time            v1#branch       v2#branch       
--------------------------------------------------------------------------------
1099	6.910457e-03	-4.44971e-03	-4.44948e-03	
1100	6.913894e-03	-6.11662e-03	-6.11614e-03	
1101	6.915818e-03	-7.10083e-03	-7.10060e-03	
1102	6.916676e-03	-7.49005e-03	-7.48956e-03	
1103	6.917455e-03	-7.91698e-03	-7.91675e-03	
1104	6.918109e-03	-8.19788e-03	-8.19740e-03	
1105	6.918745e-03	-8.55500e-03	-8.55477e-03	
1106	6.919493e-03	-8.88652e-03	-8.88603e-03	
1107	6.920250e-03	-9.30430e-03	-9.30407e-03	
1108	6.921014e-03	-9.64976e-03	-9.64927e-03	
1109	6.921984e-03	-1.01721e-02	-1.01719e-02	
1110	6.923070e-03	-1.06763e-02	-1.06758e-02	
1111	6.924530e-03	-1.14429e-02	-1.14426e-02	
1112	6.926471e-03	-1.22385e-02	-1.22380e-02	
1113	6.929257e-03	-1.23626e-02	-1.23624e-02	
1114	6.931796e-03	-1.23594e-02	-1.23589e-02	
1115	6.934256e-03	-1.24604e-02	-1.24602e-02	
1116	6.938039e-03	-1.24856e-02	-1.24851e-02	
1117	6.943697e-03	-1.26477e-02	-1.26475e-02	
1118	6.953697e-03	-1.27976e-02	-1.27971e-02	
1119	6.963697e-03	-1.30454e-02	-1.30452e-02	
1120	6.973697e-03	-1.31953e-02	-1.31948e-02	
1121	6.983697e-03	-1.34422e-02	-1.34420e-02	
1122	6.993697e-03	-1.35921e-02	-1.35916e-02	
1123	7.003697e-03	-1.38382e-02	-1.38379e-02	
1124	7.013697e-03	-1.39880e-02	-1.39875e-02	
1125	7.023697e-03	-1.42332e-02	-1.42330e-02	
1126	7.033697e-03	-1.43829e-02	-1.43824e-02	
1127	7.043697e-03	-1.46274e-02	-1.46272e-02	
1128	7.053697e-03	-1.47769e-02	-1.47764e-02	
1129	7.063697e-03	-1.50207e-02	-1.50205e-02	
1130	7.073697e-03	-1.51700e-02	-1.51695e-02	
1131	7.083697e-03	-1.54131e-02	-1.54128e-02	
1132	7.093697e-03	-1.55621e-02	-1.55616e-02	
1133	7.103697e-03	-1.58119e-02	-1.58117e-02	
1134	7.109396e-03	-1.45682e-02	-1.45679e-02	
1135	7.115271e-03	-1.16869e-02	-1.16869e-02	
1136	7.121793e-03	-8.34797e-03	-8.34773e-03	
1137	7.130790e-03	-3.72340e-03	-3.72343e-03	
1138	7.139531e-03	-6.52513e-03	-6.52490e-03	
1139	7.147713e-03	-1.10729e-02	-1.10730e-02	
1140	7.157713e-03	-1.28464e-02	-1.28461e-02	
1141	7.167141e-03	-1.30829e-02	-1.30829e-02	
1142	7.175685e-03	-1.32582e-02	-1.32580e-02	
1143	7.185481e-03	-1.35010e-02	-1.35011e-02	
1144	7.195481e-03	-1.37110e-02	-1.37107e-02	
1145	7.205481e-03	-1.39573e-02	-1.39573e-02	
1146	7.215481e-03	-1.41678e-02	-1.41676e-02	
1147	7.223436e-03	-1.43665e-02	-1.43665e-02	
1148	7.230252e-03	-1.45050e-02	-1.45048e-02	
1149	7.235982e-03	-1.46521e-02	-1.46521e-02	
1150	7.241061e-03	-1.47517e-02	-1.47514e-02	
1151	7.245638e-03	-1.48717e-02	-1.48717e-02	
1152	7.250266e-03	-1.49616e-02	-1.49613e-02	
1153	7.255041e-03	-1.50856e-02	-1.50856e-02	
1154	7.260438e-03	-1.51932e-02	-1.51930e-02	
1155	7.267007e-03	-1.53578e-02	-1.53579e-02	
1156	7.275613e-03	-1.55384e-02	-1.55382e-02	

Index   time            v1#branch       v2#branch       
--------------------------------------------------------------------------------
1157	7.285613e-03	-1.57809e-02	-1.57809e-02	
1158	7.295613e-03	-1.59929e-02	-1.59926e-02	
1159	7.305613e-03	-1.62347e-02	-1.62347e-02	
1160	7.315613e-03	-1.53423e-02	-1.53418e-02	
1161	7.322170e-03	-1.22283e-02	-1.22281e-02	
1162	7.326744e-03	-9.99746e-03	-9.99698e-03	
1163	7.331718e-03	-7.59135e-03	-7.59112e-03	
1164	7.338402e-03	-4.30016e-03	-4.29967e-03	
1165	7.343721e-03	-4.05814e-03	-4.05790e-03	
1166	7.349678e-03	-7.03019e-03	-7.02972e-03	
1167	7.354650e-03	-9.46438e-03	-9.46413e-03	
1168	7.359418e-03	-1.18792e-02	-1.18787e-02	
1169	7.367119e-03	-1.24833e-02	-1.24831e-02	
1170	7.374173e-03	-1.26290e-02	-1.26285e-02	
1171	7.381772e-03	-1.27836e-02	-1.27833e-02	
1172	7.391772e-03	-1.29803e-02	-1.29799e-02	
1173	7.401772e-03	-1.31904e-02	-1.31902e-02	
1174	7.411772e-03	-1.33787e-02	-1.33782e-02	
1175	7.421772e-03	-1.35773e-02	-1.35770e-02	
1176	7.431772e-03	-1.37746e-02	-1.37741e-02	
1177	7.441772e-03	-1.39727e-02	-1.39724e-02	
1178	7.451772e-03	-1.41697e-02	-1.41692e-02	
1179	7.461772e-03	-1.43678e-02	-1.43676e-02	
1180	7.471772e-03	-1.45638e-02	-1.45634e-02	
1181	7.481772e-03	-1.47620e-02	-1.47618e-02	
1182	7.491772e-03	-1.49571e-02	-1.49566e-02	
1183	7.501772e-03	-1.51553e-02	-1.51550e-02	
1184	7.511772e-03	-1.53495e-02	-1.53490e-02	
1185	7.521772e-03	-1.55476e-02	-1.55474e-02	
1186	7.531772e-03	-1.57492e-02	-1.57488e-02	
1187	7.532868e-03	-1.57724e-02	-1.57721e-02	
1188	7.535061e-03	-1.58127e-02	-1.58124e-02	
1189	7.537400e-03	-1.58347e-02	-1.58344e-02	
1190	7.539399e-03	-1.54185e-02	-1.54184e-02	
1191	7.541332e-03	-1.45617e-02	-1.45616e-02	
1192	7.543912e-03	-1.32828e-02	-1.32827e-02	
1193	7.546643e-03	-1.19153e-02	-1.19152e-02	
1194	7.551443e-03	-9.48121e-03	-9.48110e-03	
1195	7.556117e-03	-7.08339e-03	-7.08328e-03	
1196	7.563222e-03	-3.41021e-03	-3.41010e-03	
1197	7.568557e-03	-5.03108e-03	-5.03099e-03	
1198	7.573703e-03	-7.83808e-03	-7.83796e-03	
1199	7.578709e-03	-1.05697e-02	-1.05696e-02	
1200	7.583457e-03	-1.29212e-02	-1.29210e-02	
1201	7.586506e-03	-1.27656e-02	-1.27655e-02	
1202	7.588444e-03	-1.28029e-02	-1.28028e-02	
1203	7.590132e-03	-1.28464e-02	-1.28463e-02	
1204	7.591210e-03	-1.28671e-02	-1.28670e-02	
1205	7.592337e-03	-1.28965e-02	-1.28963e-02	
1206	7.593586e-03	-1.29223e-02	-1.29222e-02	
1207	7.594942e-03	-1.29552e-02	-1.29551e-02	
1208	7.596516e-03	-1.29897e-02	-1.29896e-02	
1209	7.598904e-03	-1.30458e-02	-1.30457e-02	
1210	7.602080e-03	-1.31171e-02	-1.31170e-02	
1211	7.607036e-03	-1.32317e-02	-1.32315e-02	
1212	7.614336e-03	-1.33974e-02	-1.33973e-02	
1213	7.624336e-03	-1.36269e-02	-1.36268e-02	
1214	7.634336e-03	-1.38542e-02	-1.38541e-02	

Index   time            v1#branch       v2#branch       
--------------------------------------------------------------------------------
1215	7.644336e-03	-1.40835e-02	-1.40833e-02	
1216	7.654336e-03	-1.43105e-02	-1.43104e-02	
1217	7.664336e-03	-1.45395e-02	-1.45394e-02	
1218	7.674336e-03	-1.47664e-02	-1.47663e-02	
1219	7.684336e-03	-1.49950e-02	-1.49949e-02	
1220	7.694336e-03	-1.52217e-02	-1.52216e-02	
1221	7.704336e-03	-1.54501e-02	-1.54500e-02	
1222	7.714336e-03	-1.56766e-02	-1.56764e-02	
1223	7.724336e-03	-1.59046e-02	-1.59045e-02	
1224	7.734336e-03	-1.61309e-02	-1.61307e-02	
1225	7.744336e-03	-1.63559e-02	-1.63557e-02	
1226	7.754336e-03	-1.57423e-02	-1.57420e-02	
1227	7.757146e-03	-1.43787e-02	-1.43783e-02	
1228	7.759877e-03	-1.30954e-02	-1.30950e-02	
1229	7.762970e-03	-1.15794e-02	-1.15790e-02	
1230	7.766380e-03	-9.95498e-03	-9.95463e-03	
1231	7.770483e-03	-7.92758e-03	-7.92721e-03	
1232	7.775886e-03	-5.30823e-03	-5.30788e-03	
1233	7.781975e-03	-3.46244e-03	-3.46206e-03	
1234	7.787510e-03	-6.21923e-03	-6.21890e-03	
1235	7.792807e-03	-8.80131e-03	-8.80092e-03	
1236	7.798509e-03	-1.16933e-02	-1.16930e-02	
1237	7.802140e-03	-1.22527e-02	-1.22523e-02	
1238	7.804776e-03	-1.23456e-02	-1.23452e-02	
1239	7.806461e-03	-1.23432e-02	-1.23428e-02	
1240	7.808070e-03	-1.24091e-02	-1.24088e-02	
1241	7.810638e-03	-1.24278e-02	-1.24275e-02	
1242	7.813785e-03	-1.25223e-02	-1.25220e-02	
1243	7.817851e-03	-1.25721e-02	-1.25717e-02	
1244	7.823497e-03	-1.27155e-02	-1.27152e-02	
1245	7.830962e-03	-1.28334e-02	-1.28330e-02	
1246	7.840962e-03	-1.30628e-02	-1.30625e-02	
1247	7.850962e-03	-1.32309e-02	-1.32305e-02	
1248	7.860962e-03	-1.34597e-02	-1.34593e-02	
1249	7.870962e-03	-1.36276e-02	-1.36272e-02	
1250	7.880962e-03	-1.38556e-02	-1.38553e-02	
1251	7.890962e-03	-1.40233e-02	-1.40229e-02	
1252	7.900962e-03	-1.42507e-02	-1.42504e-02	
1253	7.910962e-03	-1.44181e-02	-1.44177e-02	
1254	7.920962e-03	-1.46449e-02	-1.46446e-02	
1255	7.930962e-03	-1.48120e-02	-1.48116e-02	
1256	7.940962e-03	-1.50381e-02	-1.50378e-02	
1257	7.950962e-03	-1.52050e-02	-1.52046e-02	
1258	7.960962e-03	-1.54305e-02	-1.54302e-02	
1259	7.970962e-03	-1.55990e-02	-1.55987e-02	
1260	7.980962e-03	-1.58281e-02	-1.58279e-02	
1261	7.981636e-03	-1.58244e-02	-1.58241e-02	
1262	7.982984e-03	-1.58385e-02	-1.58383e-02	
1263	7.984482e-03	-1.56557e-02	-1.56556e-02	
1264	7.985839e-03	-1.51765e-02	-1.51764e-02	
1265	7.986916e-03	-1.46685e-02	-1.46684e-02	
1266	7.987898e-03	-1.41851e-02	-1.41850e-02	
1267	7.989862e-03	-1.32091e-02	-1.32090e-02	
1268	7.993789e-03	-1.12358e-02	-1.12357e-02	
1269	7.999025e-03	-8.57117e-03	-8.57106e-03	
1270	8.005477e-03	-5.24032e-03	-5.24021e-03	
1271	8.012498e-03	-4.04484e-03	-4.04475e-03	
1272	8.016876e-03	-6.40514e-03	-6.40503e-03	

Index   time            v1#branch       v2#branch       
--------------------------------------------------------------------------------
1273	8.019957e-03	-8.07009e-03	-8.06999e-03	
1274	8.022983e-03	-9.73826e-03	-9.73815e-03	
1275	8.029033e-03	-1.30765e-02	-1.30764e-02	
1276	8.032360e-03	-1.27740e-02	-1.27739e-02	
1277	8.034472e-03	-1.28028e-02	-1.28027e-02	
1278	8.036815e-03	-1.28710e-02	-1.28709e-02	
1279	8.038105e-03	-1.28903e-02	-1.28902e-02	
1280	8.039515e-03	-1.29294e-02	-1.29292e-02	
1281	8.040828e-03	-1.29550e-02	-1.29549e-02	
1282	8.042135e-03	-1.29877e-02	-1.29876e-02	
1283	8.043667e-03	-1.30209e-02	-1.30208e-02	
1284	8.045610e-03	-1.30667e-02	-1.30666e-02	
1285	8.048525e-03	-1.31323e-02	-1.31322e-02	
1286	8.053102e-03	-1.32379e-02	-1.32377e-02	
1287	8.059379e-03	-1.33804e-02	-1.33803e-02	
1288	8.068778e-03	-1.35960e-02	-1.35958e-02	
1289	8.078778e-03	-1.38236e-02	-1.38235e-02	
1290	8.088778e-03	-1.40526e-02	-1.40524e-02	
1291	8.098778e-03	-1.42800e-02	-1.42799e-02	
1292	8.108778e-03	-1.45086e-02	-1.45085e-02	
1293	8.118778e-03	-1.47359e-02	-1.47358e-02	
1294	8.128778e-03	-1.49642e-02	-1.49640e-02	
1295	8.138778e-03	-1.51912e-02	-1.51912e-02	
1296	8.148778e-03	-1.54193e-02	-1.54191e-02	
1297	8.158778e-03	-1.56461e-02	-1.56460e-02	
1298	8.168778e-03	-1.58738e-02	-1.58737e-02	
1299	8.178778e-03	-1.61005e-02	-1.61004e-02	
1300	8.188778e-03	-1.63261e-02	-1.63259e-02	
1301	8.198778e-03	-1.57358e-02	-1.57355e-02	
1302	8.205533e-03	-1.24801e-02	-1.24797e-02	
1303	8.211684e-03	-9.52926e-03	-9.52893e-03	
1304	8.218340e-03	-6.24844e-03	-6.24805e-03	
1305	8.226677e-03	-3.62704e-03	-3.62670e-03	
1306	8.230094e-03	-5.27108e-03	-5.27070e-03	
1307	8.232848e-03	-6.65525e-03	-6.65492e-03	
1308	8.235561e-03	-7.97459e-03	-7.97421e-03	
1309	8.239187e-03	-9.81027e-03	-9.80993e-03	
1310	8.243272e-03	-1.18183e-02	-1.18179e-02	
1311	8.246006e-03	-1.23044e-02	-1.23041e-02	
1312	8.248254e-03	-1.23203e-02	-1.23199e-02	
1313	8.249265e-03	-1.23689e-02	-1.23685e-02	
1314	8.250198e-03	-1.23591e-02	-1.23587e-02	
1315	8.252063e-03	-1.24219e-02	-1.24216e-02	
1316	8.253947e-03	-1.24328e-02	-1.24324e-02	
1317	8.256901e-03	-1.25208e-02	-1.25205e-02	
1318	8.261726e-03	-1.25892e-02	-1.25888e-02	
1319	8.269716e-03	-1.27760e-02	-1.27757e-02	
1320	8.279716e-03	-1.29473e-02	-1.29469e-02	
1321	8.289716e-03	-1.31736e-02	-1.31733e-02	
1322	8.299716e-03	-1.33445e-02	-1.33441e-02	
1323	8.309716e-03	-1.35703e-02	-1.35700e-02	
1324	8.319716e-03	-1.37408e-02	-1.37404e-02	
1325	8.329716e-03	-1.39661e-02	-1.39658e-02	
1326	8.339716e-03	-1.41362e-02	-1.41358e-02	
1327	8.349716e-03	-1.43610e-02	-1.43607e-02	
1328	8.359716e-03	-1.45307e-02	-1.45303e-02	
1329	8.369716e-03	-1.47550e-02	-1.47546e-02	
1330	8.379716e-03	-1.49243e-02	-1.49239e-02	

Index   time            v1#branch       v2#branch       
--------------------------------------------------------------------------------
1331	8.389716e-03	-1.51480e-02	-1.51477e-02	
1332	8.399716e-03	-1.53170e-02	-1.53166e-02	
1333	8.409716e-03	-1.55402e-02	-1.55398e-02	
1334	8.419716e-03	-1.57175e-02	-1.57172e-02	
1335	8.429716e-03	-1.35349e-02	-1.35348e-02	
1336	8.439716e-03	-8.45748e-03	-8.45735e-03	
1337	8.449716e-03	-3.32976e-03	-3.32968e-03	
1338	8.458205e-03	-6.82001e-03	-6.81990e-03	
1339	8.466132e-03	-1.12102e-02	-1.12101e-02	
1340	8.474379e-03	-1.28489e-02	-1.28488e-02	
1341	8.482353e-03	-1.30342e-02	-1.30341e-02	
1342	8.489851e-03	-1.32038e-02	-1.32037e-02	
1343	8.499504e-03	-1.34254e-02	-1.34253e-02	
1344	8.509504e-03	-1.36529e-02	-1.36528e-02	
1345	8.519504e-03	-1.38820e-02	-1.38819e-02	
1346	8.529504e-03	-1.41100e-02	-1.41099e-02	
1347	8.539504e-03	-1.43380e-02	-1.43379e-02	
1348	8.549504e-03	-1.45663e-02	-1.45662e-02	
1349	8.559504e-03	-1.47935e-02	-1.47934e-02	
1350	8.569504e-03	-1.50221e-02	-1.50219e-02	
1351	8.579504e-03	-1.52486e-02	-1.52485e-02	
1352	8.589504e-03	-1.54773e-02	-1.54771e-02	
1353	8.599504e-03	-1.57033e-02	-1.57032e-02	
1354	8.609504e-03	-1.59319e-02	-1.59318e-02	
1355	8.619504e-03	-1.61574e-02	-1.61573e-02	
1356	8.629504e-03	-1.63872e-02	-1.63869e-02	
1357	8.638426e-03	-1.47461e-02	-1.47458e-02	
1358	8.647419e-03	-1.03402e-02	-1.03398e-02	
1359	8.656136e-03	-6.15947e-03	-6.15912e-03	
1360	8.666136e-03	-4.52395e-03	-4.52357e-03	
1361	8.669179e-03	-6.09605e-03	-6.09571e-03	
1362	8.671209e-03	-7.02756e-03	-7.02718e-03	
1363	8.673644e-03	-8.30899e-03	-8.30865e-03	
1364	8.678075e-03	-1.04468e-02	-1.04464e-02	
1365	8.683795e-03	-1.23366e-02	-1.23362e-02	
1366	8.685715e-03	-1.23136e-02	-1.23132e-02	
1367	8.687137e-03	-1.24051e-02	-1.24048e-02	
1368	8.688537e-03	-1.23694e-02	-1.23690e-02	
1369	8.689881e-03	-1.24588e-02	-1.24585e-02	
1370	8.692356e-03	-1.24461e-02	-1.24457e-02	
1371	8.695343e-03	-1.25673e-02	-1.25670e-02	
1372	8.699230e-03	-1.25834e-02	-1.25830e-02	
1373	8.705133e-03	-1.27621e-02	-1.27617e-02	
1374	8.713436e-03	-1.28663e-02	-1.28659e-02	
1375	8.723436e-03	-1.31260e-02	-1.31256e-02	
1376	8.733436e-03	-1.32638e-02	-1.32634e-02	
1377	8.743436e-03	-1.35228e-02	-1.35224e-02	
1378	8.753436e-03	-1.36603e-02	-1.36599e-02	
1379	8.763436e-03	-1.39186e-02	-1.39183e-02	
1380	8.773436e-03	-1.40559e-02	-1.40555e-02	
1381	8.783436e-03	-1.43136e-02	-1.43133e-02	
1382	8.793436e-03	-1.44506e-02	-1.44502e-02	
1383	8.803436e-03	-1.47077e-02	-1.47073e-02	
1384	8.813436e-03	-1.48444e-02	-1.48440e-02	
1385	8.823436e-03	-1.51008e-02	-1.51004e-02	
1386	8.833436e-03	-1.52372e-02	-1.52369e-02	
1387	8.843436e-03	-1.54930e-02	-1.54927e-02	
1388	8.853436e-03	-1.56367e-02	-1.56364e-02	

Index   time            v1#branch       v2#branch       
--------------------------------------------------------------------------------
1389	8.863436e-03	-1.58461e-02	-1.58459e-02	
1390	8.872006e-03	-1.34377e-02	-1.34376e-02	
1391	8.880242e-03	-9.34012e-03	-9.34002e-03	
1392	8.888956e-03	-4.77745e-03	-4.77734e-03	
1393	8.895215e-03	-4.11775e-03	-4.11767e-03	
1394	8.901349e-03	-7.37726e-03	-7.37714e-03	
1395	8.906262e-03	-1.01217e-02	-1.01216e-02	
1396	8.911059e-03	-1.27383e-02	-1.27382e-02	
1397	8.913564e-03	-1.26990e-02	-1.26989e-02	
1398	8.915313e-03	-1.27246e-02	-1.27244e-02	
1399	8.916708e-03	-1.27651e-02	-1.27649e-02	
1400	8.917783e-03	-1.27801e-02	-1.27800e-02	
1401	8.918831e-03	-1.28131e-02	-1.28130e-02	
1402	8.919551e-03	-1.28236e-02	-1.28235e-02	
1403	8.920122e-03	-1.28385e-02	-1.28384e-02	
1404	8.920673e-03	-1.28505e-02	-1.28504e-02	
1405	8.921022e-03	-1.28607e-02	-1.28606e-02	
1406	8.921261e-03	-1.28632e-02	-1.28631e-02	
1407	8.921438e-03	-1.28704e-02	-1.28703e-02	
1408	8.921596e-03	-1.28705e-02	-1.28704e-02	
1409	8.921748e-03	-1.28780e-02	-1.28779e-02	
1410	8.921889e-03	-1.28775e-02	-1.28774e-02	
1411	8.922018e-03	-1.28838e-02	-1.28837e-02	
1412	8.922135e-03	-1.28834e-02	-1.28833e-02	
1413	8.922247e-03	-1.28887e-02	-1.28886e-02	
1414	8.922367e-03	-1.28890e-02	-1.28889e-02	
1415	8.922498e-03	-1.28943e-02	-1.28941e-02	
1416	8.922655e-03	-1.28957e-02	-1.28956e-02	
1417	8.922846e-03	-1.29022e-02	-1.29020e-02	
1418	8.923089e-03	-1.29057e-02	-1.29055e-02	
1419	8.923406e-03	-1.29150e-02	-1.29148e-02	
1420	8.923826e-03	-1.29225e-02	-1.29224e-02	
1421	8.924389e-03	-1.29374e-02	-1.29373e-02	
1422	8.925153e-03	-1.29529e-02	-1.29528e-02	
1423	8.926193e-03	-1.29787e-02	-1.29786e-02	
1424	8.927619e-03	-1.30093e-02	-1.30092e-02	
1425	8.929579e-03	-1.30562e-02	-1.30560e-02	
1426	8.932279e-03	-1.31159e-02	-1.31158e-02	
1427	8.936110e-03	-1.32055e-02	-1.32054e-02	
1428	8.942499e-03	-1.33495e-02	-1.33494e-02	
1429	8.952499e-03	-1.35801e-02	-1.35799e-02	
1430	8.962499e-03	-1.38064e-02	-1.38063e-02	
1431	8.972499e-03	-1.40367e-02	-1.40365e-02	
1432	8.982499e-03	-1.42627e-02	-1.42626e-02	
1433	8.992499e-03	-1.44928e-02	-1.44927e-02	
1434	9.002499e-03	-1.47186e-02	-1.47185e-02	
1435	9.012499e-03	-1.49484e-02	-1.49483e-02	
1436	9.022499e-03	-1.51740e-02	-1.51739e-02	
1437	9.032499e-03	-1.54035e-02	-1.54034e-02	
1438	9.042499e-03	-1.56288e-02	-1.56287e-02	
1439	9.052499e-03	-1.58581e-02	-1.58580e-02	
1440	9.062499e-03	-1.60832e-02	-1.60831e-02	
1441	9.072499e-03	-1.63108e-02	-1.63106e-02	
1442	9.080291e-03	-1.61645e-02	-1.61642e-02	
1443	9.085590e-03	-1.36228e-02	-1.36224e-02	
1444	9.090513e-03	-1.12848e-02	-1.12844e-02	
1445	9.096896e-03	-8.15071e-03	-8.15034e-03	
1446	9.106896e-03	-3.30600e-03	-3.30565e-03	

Index   time            v1#branch       v2#branch       
--------------------------------------------------------------------------------
1447	9.111290e-03	-4.63527e-03	-4.63489e-03	
1448	9.116404e-03	-7.22065e-03	-7.22031e-03	
1449	9.122046e-03	-9.96847e-03	-9.96808e-03	
1450	9.127398e-03	-1.23179e-02	-1.23176e-02	
1451	9.131117e-03	-1.23564e-02	-1.23560e-02	
1452	9.134144e-03	-1.24594e-02	-1.24590e-02	
1453	9.137126e-03	-1.24787e-02	-1.24783e-02	
1454	9.140169e-03	-1.25802e-02	-1.25799e-02	
1455	9.143745e-03	-1.26094e-02	-1.26090e-02	
1456	9.148894e-03	-1.27526e-02	-1.27523e-02	
1457	9.157582e-03	-1.28851e-02	-1.28847e-02	
1458	9.167582e-03	-1.31240e-02	-1.31237e-02	
1459	9.177582e-03	-1.32826e-02	-1.32822e-02	
1460	9.187582e-03	-1.35207e-02	-1.35204e-02	
1461	9.197582e-03	-1.36792e-02	-1.36788e-02	
1462	9.207582e-03	-1.39165e-02	-1.39162e-02	
1463	9.217582e-03	-1.40749e-02	-1.40745e-02	
1464	9.227582e-03	-1.43114e-02	-1.43110e-02	
1465	9.237582e-03	-1.44696e-02	-1.44692e-02	
1466	9.247582e-03	-1.47053e-02	-1.47050e-02	
1467	9.257582e-03	-1.48634e-02	-1.48631e-02	
1468	9.267582e-03	-1.50984e-02	-1.50981e-02	
1469	9.277582e-03	-1.52563e-02	-1.52560e-02	
1470	9.287582e-03	-1.54906e-02	-1.54902e-02	
1471	9.297582e-03	-1.56565e-02	-1.56561e-02	
1472	9.305201e-03	-1.58400e-02	-1.58397e-02	
1473	9.313950e-03	-1.36901e-02	-1.36899e-02	
1474	9.322307e-03	-9.52318e-03	-9.52308e-03	
1475	9.329997e-03	-5.51196e-03	-5.51184e-03	
1476	9.337380e-03	-3.95666e-03	-3.95658e-03	
1477	9.344638e-03	-7.84942e-03	-7.84930e-03	
1478	9.350376e-03	-1.10277e-02	-1.10276e-02	
1479	9.355957e-03	-1.27258e-02	-1.27257e-02	
1480	9.357360e-03	-1.27352e-02	-1.27351e-02	
1481	9.358565e-03	-1.27733e-02	-1.27731e-02	
1482	9.359765e-03	-1.27901e-02	-1.27900e-02	
1483	9.360465e-03	-1.28159e-02	-1.28157e-02	
1484	9.360781e-03	-1.28166e-02	-1.28165e-02	
1485	9.361058e-03	-1.28274e-02	-1.28273e-02	
1486	9.361289e-03	-1.28275e-02	-1.28274e-02	
1487	9.361514e-03	-1.28390e-02	-1.28389e-02	
1488	9.361758e-03	-1.28378e-02	-1.28377e-02	
1489	9.362047e-03	-1.28517e-02	-1.28516e-02	
1490	9.362431e-03	-1.28530e-02	-1.28529e-02	
1491	9.362965e-03	-1.28728e-02	-1.28727e-02	
1492	9.363651e-03	-1.28808e-02	-1.28807e-02	
1493	9.364610e-03	-1.29106e-02	-1.29105e-02	
1494	9.365879e-03	-1.29318e-02	-1.29316e-02	
1495	9.367606e-03	-1.29792e-02	-1.29790e-02	
1496	9.369950e-03	-1.30249e-02	-1.30247e-02	
1497	9.373133e-03	-1.31056e-02	-1.31055e-02	
1498	9.377476e-03	-1.31970e-02	-1.31968e-02	
1499	9.383441e-03	-1.33413e-02	-1.33412e-02	
1500	9.393146e-03	-1.35551e-02	-1.35549e-02	
1501	9.403146e-03	-1.37914e-02	-1.37913e-02	
1502	9.413146e-03	-1.40117e-02	-1.40116e-02	
1503	9.423146e-03	-1.42478e-02	-1.42477e-02	
1504	9.433146e-03	-1.44678e-02	-1.44677e-02	

Index   time            v1#branch       v2#branch       
--------------------------------------------------------------------------------
1505	9.443146e-03	-1.47037e-02	-1.47036e-02	
1506	9.453146e-03	-1.49235e-02	-1.49234e-02	
1507	9.463146e-03	-1.51591e-02	-1.51590e-02	
1508	9.473146e-03	-1.53786e-02	-1.53785e-02	
1509	9.483146e-03	-1.56140e-02	-1.56139e-02	
1510	9.493146e-03	-1.58333e-02	-1.58331e-02	
1511	9.503146e-03	-1.60684e-02	-1.60683e-02	
1512	9.513146e-03	-1.62864e-02	-1.62862e-02	
1513	9.523146e-03	-1.57159e-02	-1.57156e-02	
1514	9.530711e-03	-1.20857e-02	-1.20853e-02	
1515	9.536002e-03	-9.57457e-03	-9.57423e-03	
1516	9.540858e-03	-7.15476e-03	-7.15438e-03	
1517	9.546073e-03	-4.64984e-03	-4.64950e-03	
1518	9.551153e-03	-3.62338e-03	-3.62298e-03	
1519	9.554942e-03	-5.53807e-03	-5.53775e-03	
1520	9.557855e-03	-6.91649e-03	-6.91609e-03	
1521	9.560702e-03	-8.38836e-03	-8.38804e-03	
1522	9.564424e-03	-1.01885e-02	-1.01881e-02	
1523	9.567925e-03	-1.19897e-02	-1.19894e-02	
1524	9.569910e-03	-1.22825e-02	-1.22821e-02	
1525	9.571591e-03	-1.23744e-02	-1.23741e-02	
1526	9.572543e-03	-1.23376e-02	-1.23372e-02	
1527	9.573066e-03	-1.24008e-02	-1.24005e-02	
1528	9.573505e-03	-1.23559e-02	-1.23555e-02	
1529	9.573928e-03	-1.24135e-02	-1.24132e-02	
1530	9.574329e-03	-1.23738e-02	-1.23734e-02	
1531	9.574816e-03	-1.24294e-02	-1.24291e-02	
1532	9.575442e-03	-1.23964e-02	-1.23960e-02	
1533	9.576316e-03	-1.24583e-02	-1.24580e-02	
1534	9.577676e-03	-1.24410e-02	-1.24405e-02	
1535	9.579930e-03	-1.25294e-02	-1.25292e-02	
1536	9.584200e-03	-1.25702e-02	-1.25697e-02	
1537	9.592739e-03	-1.27836e-02	-1.27833e-02	
1538	9.602739e-03	-1.29416e-02	-1.29411e-02	
1539	9.612739e-03	-1.31837e-02	-1.31835e-02	
1540	9.622739e-03	-1.33393e-02	-1.33389e-02	
1541	9.632739e-03	-1.35805e-02	-1.35802e-02	
1542	9.642739e-03	-1.37357e-02	-1.37352e-02	
1543	9.652739e-03	-1.39762e-02	-1.39760e-02	
1544	9.662739e-03	-1.41311e-02	-1.41307e-02	
1545	9.672739e-03	-1.43711e-02	-1.43708e-02	
1546	9.682739e-03	-1.45256e-02	-1.45252e-02	
1547	9.692739e-03	-1.47651e-02	-1.47648e-02	
1548	9.702739e-03	-1.49192e-02	-1.49188e-02	
1549	9.712739e-03	-1.51581e-02	-1.51578e-02	
1550	9.722739e-03	-1.53119e-02	-1.53115e-02	
1551	9.732739e-03	-1.55524e-02	-1.55521e-02	
1552	9.742739e-03	-1.57145e-02	-1.57140e-02	
1553	9.747289e-03	-1.58422e-02	-1.58420e-02	
1554	9.752632e-03	-1.45025e-02	-1.45023e-02	
1555	9.757528e-03	-1.21114e-02	-1.21114e-02	
1556	9.765227e-03	-8.15815e-03	-8.15797e-03	
1557	9.773304e-03	-4.02145e-03	-4.02141e-03	
1558	9.778443e-03	-4.28950e-03	-4.28934e-03	
1559	9.784119e-03	-7.40767e-03	-7.40763e-03	
1560	9.787347e-03	-9.11615e-03	-9.11599e-03	
1561	9.790358e-03	-1.08275e-02	-1.08275e-02	
1562	9.795305e-03	-1.27259e-02	-1.27257e-02	

Index   time            v1#branch       v2#branch       
--------------------------------------------------------------------------------
1563	9.796507e-03	-1.27663e-02	-1.27662e-02	
1564	9.797634e-03	-1.27598e-02	-1.27596e-02	
1565	9.798377e-03	-1.27928e-02	-1.27927e-02	
1566	9.799098e-03	-1.27960e-02	-1.27958e-02	
1567	9.799914e-03	-1.28275e-02	-1.28275e-02	
1568	9.800836e-03	-1.28381e-02	-1.28380e-02	
1569	9.801853e-03	-1.28700e-02	-1.28699e-02	
1570	9.802842e-03	-1.28845e-02	-1.28843e-02	
1571	9.804439e-03	-1.29295e-02	-1.29295e-02	
1572	9.806818e-03	-1.29758e-02	-1.29756e-02	
1573	9.810773e-03	-1.30743e-02	-1.30742e-02	
1574	9.816438e-03	-1.31958e-02	-1.31957e-02	
1575	9.825593e-03	-1.34131e-02	-1.34130e-02	
1576	9.835593e-03	-1.36336e-02	-1.36334e-02	
1577	9.845593e-03	-1.38698e-02	-1.38697e-02	
1578	9.855593e-03	-1.40901e-02	-1.40899e-02	
1579	9.865593e-03	-1.43261e-02	-1.43260e-02	
1580	9.875593e-03	-1.45461e-02	-1.45460e-02	
1581	9.885593e-03	-1.47818e-02	-1.47818e-02	
1582	9.895593e-03	-1.50018e-02	-1.50016e-02	
1583	9.905593e-03	-1.52372e-02	-1.52371e-02	
1584	9.915593e-03	-1.54569e-02	-1.54567e-02	
1585	9.925593e-03	-1.56919e-02	-1.56918e-02	
1586	9.935593e-03	-1.59114e-02	-1.59113e-02	
1587	9.945593e-03	-1.61462e-02	-1.61461e-02	
1588	9.955593e-03	-1.63619e-02	-1.63616e-02	
1589	9.962857e-03	-1.61683e-02	-1.61680e-02	
1590	9.969622e-03	-1.29158e-02	-1.29154e-02	
1591	9.972144e-03	-1.17643e-02	-1.17640e-02	
1592	9.973964e-03	-1.08206e-02	-1.08202e-02	
1593	9.975444e-03	-1.01680e-02	-1.01677e-02	
1594	9.976865e-03	-9.41247e-03	-9.41204e-03	
1595	9.978244e-03	-8.80636e-03	-8.80609e-03	
1596	9.979718e-03	-8.02147e-03	-8.02103e-03	
1597	9.981271e-03	-7.32741e-03	-7.32714e-03	
1598	9.982994e-03	-6.41764e-03	-6.41719e-03	
1599	9.985155e-03	-5.42380e-03	-5.42354e-03	
1600	9.988144e-03	-3.89484e-03	-3.89438e-03	
1601	9.991172e-03	-3.37922e-03	-3.37894e-03	
1602	9.992664e-03	-4.05157e-03	-4.05112e-03	
1603	9.993828e-03	-4.67209e-03	-4.67183e-03	
1604	9.995147e-03	-5.26149e-03	-5.26103e-03	
1605	9.996923e-03	-6.19824e-03	-6.19798e-03	
1606	9.998601e-03	-6.96686e-03	-6.96640e-03	
1607	1.000000e-02	-7.72455e-03	-7.72430e-03	
